0 0.718736 0.413753 0.0850472 0.102646
1 0.902011 0.50322 0.0864773 0.0902557
0 0.876344 0.413339 0.0917566 0.15487
1 0.333287 0.46749 0.0660711 0.0737417
1 0.419731 0.409928 0.0433481 0.0623517
0 0.478622 0.340049 0.119234 0.240861
1 0.511389 0.275893 0.0699749 0.0965819
1 0.932988 0.348577 0.0544697 0.0707617
1 0.67971 0.297476 0.112539 0.153639
1 0.649494 0.264918 0.0439858 0.0573835
1 0.89835 0.270143 0.0424332 0.0558635
1 0.57641 0.331176 0.0609495 0.0709912
1 0.709988 0.290174 0.0468908 0.0587531
1 0.68714 0.341921 0.0463501 0.0593775
1 0.452265 0.214761 0.0449446 0.0504519
0 0.597351 0.325137 0.1278 0.282148
1 0.487595 0.328425 0.0411913 0.0502731
1 0.918952 0.572511 0.0336434 0.049853
1 0.802515 0.414523 0.0341696 0.0507663
1 0.253019 0.408931 0.0351046 0.0442628
1 0.409154 0.182738 0.0337303 0.0479222
0 0.0610985 0.266634 0.122197 0.338258
1 0.881242 0.494361 0.0434974 0.0573398
0 0.302205 0.37192 0.137675 0.20697
0 0.163501 0.278296 0.0947841 0.255717
0 0.158811 0.213673 0.114919 0.387823
1 0.336883 0.934401 0.046673 0.0629162
