1 0.35007 0.649402 0.0608586 0.0749218
0 0.793431 0.533793 0.141729 0.244592
1 0.711143 0.720332 0.0628799 0.0877576
1 0.331823 0.487806 0.0587092 0.0812836
1 0.204588 0.61474 0.0445491 0.056824
1 0.635727 0.640202 0.042976 0.0511575
1 0.58399 0.65126 0.0438536 0.0523928
1 0.0253506 0.540711 0.0498811 0.074661
0 0.630974 0.540273 0.109679 0.171143
0 0.926632 0.507079 0.144897 0.19651
0 0.293115 0.5933 0.242661 0.302377
0 0.109559 0.605776 0.219119 0.328245
1 0.985825 0.949522 0.0283505 0.0601842
1 0.657192 0.448959 0.0347363 0.0452245
1 0.417632 0.693641 0.036186 0.0359688
1 0.417205 0.563862 0.0336592 0.0394786
1 0.839418 0.476376 0.0279812 0.0354213
0 0.453744 0.588321 0.139042 0.26436
1 0.0286079 0.538118 0.0563212 0.0980036
1 0.812888 0.509929 0.021413 0.0287407
