0 0.455997 0.370519 0.0893955 0.151101
0 0.768712 0.366505 0.134038 0.201882
0 0.911055 0.351633 0.173148 0.25445
0 0.299123 0.345493 0.106525 0.126021
0 0.128945 0.251343 0.160562 0.31718
1 0.54495 0.22448 0.0406324 0.0503438
1 0.260801 0.206567 0.0526341 0.0664005
1 0.572203 0.3063 0.0546053 0.0725876
1 0.167321 0.272103 0.0635517 0.0788916
1 0.790488 0.908978 0.0412334 0.0565488
1 0.302594 0.288287 0.0571286 0.0684348
1 0.325602 0.235374 0.0579631 0.0815491
1 0.562929 0.540009 0.0325822 0.0504331
1 0.717291 0.168001 0.0423242 0.0568198
1 0.547718 0.464152 0.04914 0.0718231
1 0.527587 0.462668 0.0922272 0.0843482
1 0.504354 0.450363 0.0455128 0.060452
1 0.0796429 0.192099 0.119088 0.184176
1 0.0839017 0.207992 0.106108 0.143022
1 0.948116 0.98702 0.0273386 0.0253459
1 0.215895 0.341173 0.0339467 0.049208
1 0.0420079 0.14811 0.0462606 0.0506029
0 0.029719 0.237356 0.059438 0.316779
0 0.0253222 0.273374 0.0506444 0.227728
