1 0.0558378 0.37254 0.10966 0.242272
1 0.313781 0.699892 0.0878894 0.105662
1 0.577744 0.159713 0.0488994 0.0537622
1 0.837184 0.616599 0.0470516 0.0760905
0 0.79247 0.418716 0.105258 0.212939
1 0.214721 0.680022 0.0321285 0.0512705
1 0.157884 0.472215 0.0789795 0.110965
1 0.0547668 0.182941 0.0525323 0.0756126
1 0.403725 0.949011 0.0293901 0.0491696
1 0.252253 0.172969 0.0399917 0.0377461
0 0.95732 0.359601 0.0853609 0.242334
0 0.0751853 0.498341 0.0790489 0.183798
0 0.553724 0.506508 0.183446 0.195949
1 0.182667 0.237142 0.0376233 0.076033
1 0.0134631 0.0213304 0.0260895 0.0426608
1 0.385766 0.378782 0.107709 0.211997
0 0.216945 0.499302 0.178772 0.216581
0 0.625128 0.430564 0.0886821 0.225947
1 0.182334 0.844033 0.0173465 0.0339779
1 0.258665 0.630553 0.0316403 0.0609454
1 0.308663 0.500479 0.0282865 0.0522639
1 0.682418 0.722736 0.0144177 0.0268677
