1 0.033675 0.343768 0.0673501 0.149299
1 0.562854 0.353055 0.104859 0.152926
1 0.388671 0.367155 0.0561934 0.0930013
1 0.308212 0.572435 0.0754652 0.118296
1 0.0877022 0.544309 0.0460471 0.0646501
1 0.417235 0.569117 0.063576 0.0971304
1 0.784982 0.877124 0.0658896 0.102098
1 0.188121 0.400682 0.0757994 0.0978626
1 0.473271 0.937037 0.0459327 0.082068
1 0.97456 0.971172 0.0400637 0.0576553
1 0.219205 0.570036 0.0377462 0.0783901
1 0.528264 0.0437645 0.0322112 0.0656671
1 0.495058 0.576479 0.0304749 0.0609752
1 0.900772 0.400435 0.0545952 0.0966048
1 0.0180181 0.0951214 0.0315467 0.0528134
1 0.688982 0.0786783 0.037421 0.0656042
1 0.99104 0.855691 0.0179192 0.0912394
1 0.826366 0.53837 0.0439108 0.0648812
1 0.986778 0.273669 0.0264445 0.0750495
1 0.297395 0.0158037 0.0203264 0.0307576
1 0.986629 0.0958939 0.026742 0.0879249
1 0.980638 0.0173448 0.0387234 0.0346896
