1 0.115367 0.709977 0.0816685 0.101302
0 0.57805 0.503095 0.216928 0.276815
1 0.690395 0.673674 0.0834523 0.091203
1 0.450058 0.596639 0.0397272 0.049059
0 0.122537 0.537712 0.134129 0.240972
1 0.946101 0.580237 0.0443596 0.0613574
0 0.926208 0.520545 0.147583 0.321929
0 0.0274174 0.470476 0.0548349 0.186552
1 0.714796 0.491664 0.0416957 0.0556663
0 0.789432 0.521817 0.177387 0.256592
1 0.0275031 0.623053 0.0458463 0.0566214
0 0.452083 0.534639 0.126039 0.210095
0 0.213472 0.637384 0.282389 0.420847
1 0.776929 0.299616 0.0329282 0.0389687
1 0.427288 0.521986 0.0259415 0.0394346
1 0.632058 0.627023 0.0197913 0.0296786
1 0.984751 0.659678 0.0304879 0.0425976
0 0.24229 0.60335 0.21863 0.36409
