1 0.152646 0.533622 0.103082 0.169518
1 0.152102 0.124081 0.0462179 0.0845439
1 0.50025 0.331175 0.0746256 0.125402
1 0.820732 0.870304 0.0544927 0.0832169
1 0.512996 0.514485 0.064995 0.109711
0 0.611426 0.321638 0.0910475 0.216393
1 0.417667 0.346183 0.0513172 0.0800403
1 0.246575 0.947284 0.0200463 0.0329007
1 0.0125878 0.785514 0.0251756 0.128053
1 0.672123 0.807175 0.0130573 0.0203803
1 0.980552 0.841674 0.0383221 0.0645674
1 0.965019 0.579203 0.0216385 0.0396025
1 0.147957 0.65909 0.0354261 0.0583889
0 0.603008 0.0918236 0.0784999 0.183647
1 0.676445 0.989796 0.0164951 0.0204077
1 0.794179 0.554775 0.0192889 0.0376659
1 0.6648 0.195892 0.0162651 0.0380434
1 0.942695 0.0462909 0.0230686 0.0391677
1 0.00456401 0.132965 0.00865864 0.0198574
0 0.601167 0.0654137 0.0767427 0.130827
