1 0.333386 0.30121 0.0420871 0.0745694
0 0.086668 0.292521 0.173336 0.354779
1 0.815575 0.977369 0.046518 0.0444242
0 0.709372 0.387782 0.142178 0.204418
1 0.202682 0.0199562 0.0488567 0.0399124
0 0.616635 0.351601 0.188615 0.284928
1 0.201825 0.336806 0.0350441 0.0430354
1 0.0770007 0.24904 0.0411561 0.0549901
1 0.0482358 0.454195 0.0311837 0.0373425
0 0.33036 0.373811 0.29847 0.280734
0 0.838265 0.314516 0.147724 0.369849
0 0.898755 0.33882 0.164594 0.39759
0 0.87217 0.321783 0.211681 0.379596
0 0.340347 0.391539 0.2509 0.228542
0 0.334342 0.424308 0.243294 0.166633
0 0.821948 0.340385 0.10505 0.325243
0 0.911398 0.368366 0.150076 0.304706
