0 0.718685 0.553566 0.139046 0.242252
1 0.645037 0.72594 0.0657485 0.0870943
1 0.258857 0.492763 0.059019 0.0779882
1 0.130809 0.617671 0.0474105 0.0592103
1 0.515947 0.658083 0.0422988 0.0517006
0 0.850262 0.517322 0.178024 0.19768
1 0.569934 0.647703 0.0400925 0.048924
1 0.967852 0.47133 0.036269 0.0422774
1 0.275902 0.657569 0.0580326 0.0693136
0 0.954025 0.516596 0.0909111 0.159782
0 0.379595 0.599997 0.125086 0.271067
1 0.927416 0.953238 0.0399908 0.060239
1 0.769496 0.485539 0.0297087 0.0346546
1 0.744157 0.517402 0.0236372 0.0335819
0 0.245126 0.598661 0.251498 0.323056
1 0.347572 0.694554 0.0389106 0.043147
0 0.561679 0.555057 0.121964 0.176637
0 0.0728781 0.588314 0.144979 0.271776
0 0.096953 0.582082 0.192478 0.293314
1 0.587027 0.457418 0.0314706 0.0446033
0 0.153219 0.58536 0.306439 0.319582
