0 0.32433 0.2657 0.229269 0.37951
1 0.563199 0.27533 0.0390905 0.073462
0 0.164415 0.250968 0.14699 0.312794
1 0.127227 0.301247 0.0551066 0.0761953
1 0.141 0.431276 0.0535409 0.067761
1 0.314392 0.233072 0.0376001 0.052705
0 0.877454 0.329255 0.22261 0.277124
0 0.0508566 0.244956 0.101713 0.305827
1 0.434407 0.317706 0.030327 0.0372284
0 0.29103 0.25745 0.168162 0.394584
1 0.421171 0.0154047 0.0461707 0.0305396
0 0.554789 0.345405 0.348622 0.290121
0 0.858731 0.347638 0.175103 0.229915
0 0.942072 0.346932 0.114798 0.265914
1 0.294411 0.432803 0.029246 0.0349979
0 0.621606 0.394064 0.157622 0.191972
