1 0.849603 0.789548 0.156554 0.256366
1 0.702135 0.777072 0.105 0.177488
1 0.966463 0.179096 0.0477879 0.0789858
1 0.427883 0.521304 0.0575275 0.100141
1 0.185613 0.518568 0.0654546 0.119459
1 0.361837 0.298475 0.0852514 0.12822
1 0.0258654 0.386633 0.0514526 0.151458
1 0.0757041 0.175055 0.0466272 0.0799698
0 0.348955 0.378553 0.079397 0.208831
1 0.921013 0.501034 0.0211727 0.0412951
1 0.820248 0.18886 0.038221 0.0649
0 0.0865301 0.418052 0.0781719 0.237174
1 0.0171726 0.662924 0.0343452 0.0787958
1 0.941952 0.460294 0.0253975 0.0383997
1 0.397747 0.982789 0.0410089 0.034423
0 0.575908 0.431958 0.24736 0.204072
1 0.493287 0.374118 0.0418861 0.0764321
