1 0.241238 0.267876 0.086558 0.13679
1 0.465205 0.290005 0.0725527 0.105942
1 0.758185 0.82409 0.111414 0.159138
1 0.880492 0.137667 0.0388933 0.0604873
0 0.804943 0.245347 0.0887116 0.20324
1 0.88831 0.0277131 0.0659834 0.0554262
1 0.288384 0.700911 0.0251771 0.0413445
1 0.845494 0.487667 0.0190582 0.0401826
1 0.159636 0.302268 0.022753 0.0460638
1 0.697246 0.442747 0.0143996 0.0195452
1 0.071573 0.603861 0.0546509 0.0770638
1 0.155894 0.22848 0.0149138 0.0286037
0 0.3932 0.338617 0.135968 0.386106
1 0.625483 0.416365 0.00945831 0.0218096
1 0.433796 0.191831 0.0105423 0.0190806
1 0.912446 0.398715 0.0121719 0.0220457
0 0.615129 0.333332 0.147324 0.249618
1 0.907589 0.574034 0.0512354 0.0988783
0 0.980341 0.257336 0.0391712 0.323168
1 0.704954 0.231765 0.0128367 0.0279346
