1 0.337693 0.269453 0.0850198 0.136165
0 0.445077 0.790574 0.0908656 0.187013
1 0.0502049 0.550346 0.0958549 0.132858
1 0.0746086 0.0456612 0.0650955 0.0913224
0 0.460194 0.542785 0.0679381 0.190466
1 0.601499 0.257208 0.0213522 0.0449268
1 0.533066 0.890324 0.0220823 0.0485901
1 0.502536 0.591532 0.0371909 0.0814141
1 0.53398 0.623231 0.0404046 0.0792369
1 0.248774 0.935633 0.0151556 0.0234959
1 0.462585 0.646078 0.0244822 0.0494861
1 0.703723 0.108046 0.0186022 0.0437006
1 0.52372 0.613771 0.0659635 0.0960915
1 0.810795 0.455228 0.0120665 0.0221392
1 0.51113 0.594283 0.0527363 0.087892
