0 0.844851 0.373868 0.136292 0.208911
0 0.215364 0.24708 0.144876 0.31759
0 0.533931 0.368397 0.0989727 0.143961
1 0.641547 0.30962 0.0558031 0.0731481
0 0.387256 0.357084 0.0968865 0.117533
1 0.61378 0.231299 0.0423652 0.0514129
0 0.94749 0.374343 0.105019 0.28042
1 0.250044 0.274179 0.0651712 0.0771861
1 0.850096 0.90833 0.0412655 0.0552999
1 0.0664555 0.345644 0.0500806 0.0686712
1 0.338747 0.211068 0.0509997 0.0632805
1 0.379283 0.293205 0.0538543 0.0621182
1 0.402435 0.242182 0.0535961 0.0751263
1 0.630892 0.541489 0.0337611 0.0513471
0 0.0917011 0.258616 0.116868 0.273731
1 0.0778778 0.116726 0.0312201 0.0460995
1 0.599737 0.466564 0.0903232 0.0868487
1 0.57655 0.452886 0.0451153 0.0598591
1 0.617959 0.469158 0.050156 0.0753238
1 0.783487 0.172679 0.0449155 0.0563002
1 0.155718 0.215437 0.066411 0.0795795
1 0.153954 0.229749 0.0651581 0.0626321
