1 0.0407659 0.270089 0.0815317 0.116905
0 0.614443 0.453507 0.123551 0.123753
0 0.484787 0.37048 0.0693493 0.231096
1 0.603312 0.324048 0.0420549 0.0597229
1 0.820422 0.386466 0.0420967 0.0554307
0 0.905754 0.493354 0.167803 0.15
1 0.217797 0.723505 0.0613414 0.0707624
1 0.306233 0.692653 0.0384771 0.0552154
1 0.197163 0.470525 0.0487043 0.057794
1 0.249532 0.354697 0.0392689 0.0505771
1 0.360115 0.378051 0.0499444 0.0654579
0 0.386258 0.388817 0.11529 0.178884
1 0.833015 0.601662 0.0284109 0.042541
1 0.194307 0.180023 0.0339759 0.0426825
1 0.295525 0.229946 0.0334317 0.0431276
0 0.702542 0.511231 0.185107 0.112208
0 0.370817 0.389934 0.0740829 0.17696
1 0.676255 0.786551 0.0222435 0.0358451
1 0.856333 0.137016 0.0264526 0.0347932
0 0.0285498 0.350967 0.0570035 0.159237
1 0.988795 0.961319 0.0224103 0.0601169
1 0.776395 0.854706 0.02451 0.0419733
1 0.554561 0.380771 0.0293757 0.0370302
1 0.191886 0.178094 0.0441028 0.048135
