1 0.154856 0.431721 0.0959326 0.161448
1 0.599211 0.38471 0.0956455 0.163046
1 0.707207 0.321434 0.109106 0.179279
1 0.0363103 0.292894 0.0726206 0.173604
1 0.427296 0.279338 0.0889231 0.141594
1 0.852995 0.162851 0.0520783 0.0766763
1 0.897319 0.0783062 0.0678015 0.106572
1 0.51285 0.29162 0.0939962 0.14518
1 0.141919 0.837519 0.0599681 0.104299
1 0.537709 0.51888 0.0407604 0.0760723
1 0.875474 0.682864 0.0629559 0.103643
1 0.112654 0.257352 0.0661372 0.120224
1 0.089316 0.968704 0.0419492 0.0625929
1 0.474573 0.438006 0.0612472 0.100605
1 0.0929567 0.15923 0.0537056 0.0820403
1 0.560557 0.826894 0.0386677 0.0722269
1 0.768949 0.0917529 0.0305914 0.0459773
1 0.374727 0.507531 0.0437029 0.105619
1 0.228283 0.332156 0.0301228 0.0634611
1 0.0939211 0.888426 0.0163303 0.0305639
1 0.714427 0.593893 0.0335457 0.0600854
0 0.940097 0.470056 0.119807 0.146362
1 0.921378 0.238348 0.031627 0.0495798
1 0.0475048 0.866133 0.0163683 0.0250377
1 0.669908 0.977536 0.0247534 0.0417734
1 0.543827 0.696177 0.0135778 0.0266551
1 0.370954 0.49089 0.0345398 0.0695821
1 0.791615 0.0304742 0.0296763 0.0544646
