0 0.475348 0.344966 0.132046 0.244793
0 0.72146 0.411643 0.0842731 0.107162
1 0.50576 0.277217 0.0754985 0.120848
1 0.577433 0.325626 0.0600971 0.0870356
0 0.597786 0.331052 0.132327 0.279303
0 0.870774 0.411573 0.088877 0.167806
0 0.291302 0.386144 0.13396 0.19904
1 0.934463 0.35111 0.0597627 0.08256
1 0.898272 0.271799 0.0440271 0.0545306
1 0.333864 0.467171 0.073126 0.0828541
1 0.919312 0.573922 0.0348771 0.0474218
1 0.254446 0.409584 0.0352925 0.0459642
1 0.901439 0.504719 0.0892189 0.097582
1 0.418519 0.409236 0.0535076 0.0689417
1 0.6883 0.342161 0.0519288 0.0691578
1 0.453919 0.216688 0.0463926 0.0575071
1 0.80237 0.41263 0.0355074 0.0531671
1 0.411318 0.18181 0.0395088 0.0517593
0 0.114366 0.219875 0.228731 0.435892
0 0.158069 0.231129 0.114238 0.380883
0 0.141945 0.223588 0.162313 0.415746
1 0.339577 0.936667 0.0456678 0.0620892
1 0.68198 0.296726 0.118963 0.161945
1 0.710617 0.290568 0.0528538 0.0772408
1 0.650834 0.263429 0.0514342 0.0800803
