1 0.713348 0.72146 0.0638788 0.0879711
0 0.785039 0.542095 0.132072 0.253418
0 0.628993 0.538188 0.115989 0.174531
1 0.205729 0.618565 0.0492271 0.0630376
0 0.924623 0.514479 0.150323 0.176789
1 0.330689 0.485342 0.0538183 0.0834748
1 0.356349 0.643595 0.0472971 0.0641527
1 0.586714 0.650606 0.045912 0.0569865
0 0.307643 0.595061 0.283697 0.291134
0 0.463508 0.590168 0.136508 0.257863
1 0.635189 0.643505 0.0491404 0.0488828
1 0.026921 0.5439 0.0521883 0.0829396
0 0.102869 0.60178 0.200785 0.324878
