0 0.453053 0.375769 0.0972025 0.168563
0 0.771171 0.370649 0.139221 0.206999
0 0.293991 0.337813 0.114492 0.141679
1 0.790734 0.909932 0.0458037 0.0589844
0 0.911161 0.362724 0.157804 0.244347
1 0.262857 0.207223 0.0542231 0.0730744
1 0.167841 0.272176 0.0623404 0.0824438
1 0.302912 0.288632 0.0578306 0.0728167
1 0.327614 0.237767 0.0590647 0.0812931
1 0.545282 0.226265 0.0427803 0.0519283
0 0.124152 0.265725 0.156659 0.283856
1 0.57162 0.307216 0.0624509 0.077789
1 0.563456 0.541043 0.0340133 0.0492898
1 0.718518 0.168374 0.0476618 0.0558517
1 0.527546 0.463189 0.0939207 0.0936737
1 0.548938 0.466088 0.0515354 0.083014
1 0.0878639 0.217275 0.0873832 0.127696
