1 0.0579386 0.369851 0.115877 0.230733
1 0.374132 0.415385 0.0934396 0.15709
1 0.312732 0.698973 0.0904493 0.109017
1 0.839114 0.615973 0.0513835 0.077496
1 0.154438 0.477464 0.0810094 0.119788
0 0.806001 0.419974 0.133754 0.222477
1 0.214434 0.679661 0.0339413 0.0508111
0 0.958365 0.347368 0.0814194 0.234734
1 0.0567334 0.186841 0.0500488 0.07575
1 0.0139093 0.0218148 0.0278186 0.0432398
1 0.181313 0.844207 0.019259 0.0340162
1 0.250839 0.173836 0.0430767 0.0374735
1 0.403283 0.949689 0.032479 0.0502877
1 0.411491 0.781513 0.0150843 0.0336895
1 0.748407 0.0220923 0.0604758 0.0437604
1 0.406208 0.337918 0.0643833 0.114455
0 0.214221 0.502218 0.199576 0.249705
1 0.578129 0.156664 0.0517286 0.0601827
1 0.435209 0.390493 0.0247978 0.042234
1 0.258851 0.631015 0.0294882 0.0498442
0 0.56857 0.456799 0.173582 0.302548
1 0.400516 0.0135974 0.0193819 0.0270333
