1 0.0334812 0.342188 0.0669623 0.158273
1 0.783466 0.881305 0.0681753 0.112709
1 0.899714 0.397928 0.0501849 0.0982538
1 0.388858 0.370017 0.0580681 0.094545
1 0.417757 0.572831 0.0651448 0.107518
1 0.305618 0.571511 0.08144 0.138419
1 0.56137 0.374425 0.111379 0.195182
1 0.0878087 0.542695 0.0458408 0.0662118
1 0.4734 0.939244 0.0498966 0.090887
1 0.97365 0.971503 0.0408563 0.0569929
1 0.528835 0.0439797 0.0331108 0.0657959
1 0.222026 0.569438 0.0390881 0.0756042
1 0.827037 0.536978 0.0427034 0.0660363
0 0.191684 0.451184 0.0765174 0.178237
1 0.0183549 0.0958232 0.0351855 0.0544566
1 0.688326 0.0814808 0.0385842 0.0603678
1 0.978851 0.0183572 0.0422975 0.0367145
1 0.186245 0.399406 0.0717013 0.11329
1 0.496028 0.580342 0.0321613 0.0573211
1 0.958696 0.351556 0.0826074 0.242396
1 0.106412 0.0141172 0.0308258 0.0282344
1 0.900646 0.0528179 0.0277469 0.0603938
1 0.990059 0.849201 0.0198821 0.106296
1 0.297152 0.0173097 0.0238757 0.0346193
1 0.84078 0.44284 0.0330663 0.0550461
1 0.95985 0.395849 0.0803008 0.141701
