1 0.114974 0.712651 0.0864255 0.100472
0 0.235135 0.637395 0.24617 0.397942
1 0.450979 0.595634 0.038671 0.0478552
0 0.449063 0.539606 0.133894 0.201115
1 0.691027 0.676084 0.0831363 0.0832909
0 0.580418 0.510417 0.213556 0.251235
0 0.118602 0.535316 0.129668 0.23484
1 0.717945 0.492012 0.0471154 0.062557
0 0.77773 0.52936 0.184002 0.239133
1 0.026787 0.6235 0.0459743 0.0586952
0 0.921693 0.529391 0.152514 0.286795
0 0.0261046 0.480065 0.0522092 0.168444
1 0.426985 0.522791 0.0280422 0.0411679
1 0.9466 0.582611 0.0404432 0.0625568
1 0.632505 0.627126 0.0221148 0.0290485
