1 0.499447 0.335913 0.0696105 0.124946
1 0.153484 0.125379 0.0578901 0.0997811
1 0.513611 0.51422 0.0666435 0.111977
1 0.151781 0.541263 0.115793 0.180091
1 0.146826 0.659515 0.0402017 0.0640755
1 0.822935 0.874383 0.0524818 0.0836819
1 0.416491 0.346186 0.0630666 0.0816937
1 0.247019 0.945642 0.0221016 0.0365846
1 0.794253 0.555483 0.0200188 0.0367289
1 0.196673 0.0178447 0.0352829 0.035626
1 0.67187 0.805912 0.0154209 0.0248759
1 0.0160479 0.791504 0.0319391 0.158773
1 0.965785 0.578558 0.0254432 0.0425535
1 0.40645 0.342483 0.0854455 0.0909079
1 0.980797 0.833587 0.0384068 0.0843457
0 0.613086 0.325013 0.0894778 0.22875
1 0.66315 0.0142605 0.0301266 0.0285209
1 0.664532 0.199174 0.017195 0.0402348
