0 0.704052 0.561708 0.138686 0.229768
0 0.549305 0.549297 0.100771 0.171295
1 0.645843 0.727155 0.0628242 0.0829332
1 0.56627 0.647872 0.0518846 0.0488968
1 0.132939 0.62093 0.0477028 0.0621025
1 0.259609 0.489625 0.0560036 0.0843247
0 0.219956 0.598565 0.274122 0.301581
1 0.968742 0.474748 0.0354295 0.0420956
0 0.382862 0.593286 0.11583 0.271767
1 0.517734 0.656438 0.045062 0.0568934
0 0.85066 0.531799 0.16424 0.170692
1 0.278422 0.663883 0.0607653 0.0656786
0 0.0629088 0.585542 0.125553 0.277571
