1 0.847594 0.787389 0.156067 0.250289
1 0.69962 0.784497 0.107592 0.180038
1 0.364075 0.301485 0.0862489 0.140628
1 0.187515 0.518278 0.069361 0.12379
1 0.429838 0.520627 0.062675 0.112699
1 0.0277975 0.38498 0.0555951 0.170346
0 0.0877984 0.408075 0.0775127 0.220817
1 0.0776632 0.175191 0.048829 0.0855599
1 0.017473 0.663449 0.0349459 0.0852441
1 0.942215 0.459859 0.034662 0.0462579
1 0.056184 0.274384 0.041702 0.0630478
1 0.397966 0.981624 0.0462043 0.0367511
1 0.966129 0.178651 0.0528615 0.0893208
1 0.693634 0.912383 0.0159827 0.0281589
1 0.977985 0.97689 0.0440309 0.0462203
1 0.544609 0.0173795 0.0332445 0.034759
1 0.921464 0.500673 0.0231074 0.0422552
1 0.821398 0.187853 0.0397905 0.0671374
1 0.540045 0.980371 0.0246194 0.0384781
