1 0.241194 0.267525 0.0820021 0.12747
0 0.802989 0.263179 0.0949169 0.248692
1 0.464376 0.292144 0.0755012 0.113554
1 0.753383 0.829962 0.115339 0.176379
1 0.881685 0.138319 0.0405848 0.0620313
1 0.88949 0.0276561 0.065309 0.0546334
0 0.393814 0.325549 0.147389 0.415862
1 0.160381 0.30283 0.0240982 0.0472218
1 0.193371 0.387289 0.0152294 0.0262503
1 0.0753414 0.59736 0.0651237 0.100321
1 0.698434 0.442356 0.0161531 0.0217642
1 0.288461 0.700887 0.029347 0.0456723
1 0.693443 0.946759 0.0583674 0.0643493
0 0.246201 0.497008 0.175842 0.278735
1 0.626174 0.418542 0.0116694 0.0302211
1 0.705516 0.23215 0.0183434 0.0322939
0 0.977879 0.251754 0.0442422 0.32502
