0 0.843585 0.371833 0.146722 0.20237
0 0.533632 0.37591 0.0927731 0.153751
0 0.378683 0.350503 0.0997694 0.127451
1 0.850087 0.909174 0.042193 0.0576609
1 0.641632 0.312477 0.058215 0.0724823
1 0.614933 0.230995 0.0416606 0.0492349
0 0.0872086 0.257898 0.11499 0.278202
0 0.950562 0.369385 0.0988767 0.23929
1 0.632261 0.542516 0.0346416 0.050349
0 0.203849 0.244207 0.156288 0.316584
1 0.403916 0.241561 0.0579887 0.0829683
1 0.380273 0.294406 0.0561243 0.0684569
1 0.0678167 0.345333 0.0515546 0.0746267
1 0.340358 0.21265 0.0532014 0.0724216
1 0.784437 0.175098 0.0489279 0.0559502
1 0.620875 0.470464 0.0520324 0.0832132
1 0.254524 0.270909 0.0576828 0.0795126
1 0.577123 0.453556 0.0474715 0.0651404
1 0.0789021 0.117364 0.0307903 0.0442729
1 0.164184 0.223079 0.0795293 0.123565
1 0.598495 0.465321 0.0911235 0.0889984
