1 0.0404059 0.269202 0.0808117 0.126881
0 0.910144 0.489925 0.158438 0.137142
1 0.604809 0.324193 0.0425653 0.0605056
1 0.820495 0.389123 0.0429995 0.0569386
0 0.697577 0.526298 0.170667 0.103182
1 0.834274 0.602181 0.0302373 0.042543
0 0.478869 0.367169 0.0719963 0.24611
1 0.250479 0.356857 0.038346 0.0487783
1 0.199388 0.470033 0.0498569 0.0606205
0 0.361111 0.392502 0.0675917 0.181134
1 0.218847 0.723753 0.0591322 0.0710039
1 0.306994 0.695196 0.0382817 0.0551271
1 0.294685 0.231547 0.0373095 0.0474406
1 0.676929 0.787347 0.0240934 0.0381819
0 0.610163 0.457043 0.119907 0.118872
1 0.358815 0.382576 0.0482755 0.0676487
1 0.197274 0.180106 0.0309572 0.0429452
1 0.988906 0.964427 0.0221883 0.0696929
