1 0.70278 0.318557 0.113683 0.192991
1 0.595224 0.390401 0.0996438 0.170116
1 0.896846 0.081542 0.0660911 0.103407
1 0.429558 0.277808 0.0850918 0.144108
1 0.853525 0.165553 0.053841 0.0836847
1 0.155418 0.431715 0.101527 0.173403
1 0.507058 0.288666 0.0851124 0.144263
1 0.0406874 0.291203 0.080486 0.178497
1 0.141351 0.838695 0.0652165 0.112162
1 0.537147 0.521227 0.0421927 0.0796152
1 0.877715 0.681428 0.0673795 0.11575
1 0.228124 0.33298 0.0316246 0.0710329
1 0.0955091 0.159762 0.0521443 0.0784783
1 0.0888216 0.969295 0.0485968 0.0614106
1 0.561677 0.828056 0.0362372 0.0673841
1 0.714447 0.595592 0.0353787 0.0639205
1 0.355223 0.359468 0.0254179 0.0430192
1 0.769689 0.0885295 0.0313212 0.0435992
1 0.474996 0.441015 0.0594515 0.103227
1 0.112262 0.260644 0.064791 0.114431
1 0.372444 0.507734 0.0448871 0.106741
1 0.813131 0.935731 0.0629177 0.101978
1 0.790524 0.0314489 0.0329194 0.0607196
1 0.669381 0.97374 0.02986 0.0500704
0 0.0680862 0.366266 0.0776166 0.215284
