1 0.1958955223880597 0.22388059701492538 0.025186567164179118 0.041044776119403006
1 0.2756529850746269 0.23973880597014927 0.030783582089552227 0.0167910447761194
1 0.6863339552238807 0.42817164179104483 0.06576492537313428 0.09514925373134332
1 0.744402985074627 0.5867537313432836 0.03917910447761201 0.05783582089552233
1 0.6842350746268656 0.6399253731343283 0.08115671641791053 0.10820895522388063
1 0.8563432835820897 0.9067164179104478 0.04197761194029852 0.05223880597014926
1 0.47784514925373145 0.6296641791044777 0.05177238805970155 0.08022388059701498
1 0.5478078358208955 0.7145522388059702 0.05457089552238799 0.037313432835820774
1 0.34281716417910446 0.5988805970149254 0.027985074626865655 0.044776119402985086
1 0.17840485074626866 0.519589552238806 0.037779850746268676 0.046641791044776115
1 0.11683768656716419 0.7061567164179103 0.02378731343283583 0.03544776119402982
1 0.1916977611940299 0.7350746268656717 0.10074626865671643 0.119402985074627
1 0.2777518656716418 0.332089552238806 0.029384328358208974 0.026119402985074664
0 0.03917910447761195 0.5830223880597015 0.07276119402985076 0.3078358208955223
0 0.22458022388059704 0.6520522388059702 0.28125 0.3488805970149255
0 0.3889925373134328 0.5718283582089552 0.12873134328358213 0.2630597014925373
0 0.5583022388059702 0.5680970149253731 0.17910447761194034 0.2667910447761195
0 0.697527985074627 0.5335820895522387 0.16371268656716423 0.22761194029850734
0 0.8304570895522388 0.5167910447761195 0.17770522388059704 0.22761194029850748
