1 0.09305037313432836 0.6156716417910448 0.05457089552238806 0.07089552238805971
1 0.17420708955223885 0.7201492537313433 0.05736940298507465 0.02985074626865682
1 0.30503731343283585 0.6203358208955223 0.0699626865671642 0.10634328358208947
1 0.3875932835820896 0.582089552238806 0.04197761194029859 0.05597014925373131
1 0.31763059701492535 0.42817164179104483 0.0671641791044776 0.0839552238805971
1 0.5219216417910448 0.9113805970149255 0.050373134328358236 0.0578358208955224
1 0.7898787313432837 0.5242537313432836 0.040578358208955334 0.08208955223880608
1 0.46875 0.5382462686567164 0.0335820895522388 0.027985074626865725
1 0.5380130597014926 0.5167910447761195 0.02378731343283583 0.02238805970149258
0 0.09724813432835822 0.5541044776119403 0.15811567164179105 0.3022388059701492
0 0.26166044776119407 0.5382462686567164 0.13432835820895522 0.2257462686567164
0 0.46525186567164184 0.621268656716418 0.21128731343283583 0.29850746268656714
0 0.5953824626865672 0.5410447761194029 0.15251865671641787 0.18656716417910452
0 0.7688899253731344 0.45242537313432835 0.13013059701492538 0.13246268656716423
0 0.9267723880597015 0.5541044776119404 0.1464552238805969 0.2313432835820896
