1 0.30153917910447764 0.726679104477612 0.06856343283582085 0.07276119402985075
1 0.6128731343283582 0.4421641791044776 0.036380597014925374 0.03731343283582092
1 0.9088152985074628 0.5270522388059702 0.05457089552238813 0.06902985074626862
1 0.6863339552238807 0.6473880597014926 0.03498134328358205 0.05597014925373131
1 0.14272388059701493 0.6613805970149254 0.04197761194029852 0.04664179104477604
1 0.2021921641791045 0.6511194029850746 0.06856343283582092 0.04850746268656707
0 0.09305037313432837 0.5680970149253731 0.15811567164179105 0.16977611940298515
0 0.234375 0.539179104477612 0.17490671641791042 0.23880597014925378
0 0.3903917910447761 0.5027985074626865 0.16791044776119401 0.18843283582089548
0 0.5827891791044776 0.5111940298507462 0.20009328358208955 0.09701492537313428
0 0.7541977611940298 0.4813432835820896 0.09514925373134332 0.11194029850746269
0 0.9158115671641792 0.48507462686567165 0.138526119402985 0.14925373134328346
1 0.4855410447761194 0.8498134328358208 0.019589552238805936 0.027985074626865725
1 0.6275652985074628 0.5335820895522387 0.029384328358208974 0.05223880597014919
