1 0.197294776119403 0.43470149253731344 0.10634328358208955 0.08582089552238799
1 0.2476679104477612 0.5111940298507462 0.033582089552238834 0.05223880597014926
1 0.25536380597014924 0.26865671641791045 0.057369402985074626 0.0746268656716418
1 0.2364738805970149 0.17070895522388058 0.03917910447761191 0.04291044776119403
1 0.4393656716417911 0.12873134328358207 0.05597014925373131 0.059701492537313446
1 0.542910447761194 0.18470149253731344 0.02518656716417908 0.041044776119403006
1 0.9018190298507462 0.4216417910447761 0.03777985074626855 0.05597014925373131
1 0.4911380597014926 0.9029850746268656 0.050373134328358306 0.044776119402985017
1 0.7381063432835822 0.9300373134328359 0.04617537313432834 0.05410447761194021
0 0.12733208955223882 0.32742537313432835 0.2126865671641791 0.14738805970149255
0 0.4232742537313433 0.3264925373134328 0.1161380597014925 0.19402985074626863
0 0.6065764925373135 0.33208955223880593 0.1469216417910448 0.23507462686567163
0 0.7178171641791045 0.38432835820895517 0.142723880597015 0.12686567164179102
0 0.8591417910447761 0.37779850746268656 0.13152985074626855 0.2294776119402985
