0 0.16441582914572866 0.407035175879397 0.048052763819095505 0.18760469011725295
1 0.04098618090452262 0.39558905213322476 0.08197236180904524 0.08989392253422061
1 0.3914886934673368 0.25041876046901174 0.05935929648241206 0.09882747068676714
1 0.8649497487437187 0.3844221105527639 0.064070351758794 0.08877721943048578
1 0.04239949748743719 0.9246231155778895 0.0678391959798995 0.15075376884422112
1 0.12908291457286436 0.21440536013400333 0.04334170854271358 0.07035175879396985
1 0.5544912060301508 0.1490787269681742 0.04993718592964818 0.05695142378559463
0 0.6802763819095478 0.3509212730318258 0.11871859296482412 0.1323283082077052
0 0.8809673366834171 0.27303182579564483 0.14133165829145725 0.12060301507537684
1 0.9607412060301508 0.06644332349000864 0.0785175879396985 0.13176996943539313
1 0.8847361809045227 0.8810720268006701 0.05841708542713576 0.09045226130653276
1 0.39902638190954776 0.6884422110552763 0.031092964824120627 0.043551088777219464
1 0.5092650753768845 0.5284757118927973 0.01790201005025125 0.03517587939698494
1 0.2949120603015076 0.7420435510887772 0.02072864321608041 0.02010050251256274
1 0.1474560301507538 0.9187604690117255 0.017902010050251268 0.04857621440536022
1 0.1823178391959799 0.958961474036851 0.031092964824120627 0.051926298157453914
1 0.935144472361809 0.7646566164154103 0.025439698492462384 0.03517587939698487
1 0.70053391959799 0.5460636515912898 0.02920854271356788 0.043551088777219464
1 0.7099560301507537 0.5946398659966499 0.014133165829145896 0.02345058626465658
1 0.25345477386934673 0.1574539363484087 0.03391959798994975 0.05695142378559465
1 0.365106783919598 0.9765494137353434 0.04239949748743726 0.04020100502512562
1 0.7759108040201005 0.2420435510887772 0.03486180904522612 0.041876046901172505
1 0.65625 0.15326633165829143 0.023555276381909494 0.04857621440536013
