1 0.21198694029850748 0.6399253731343284 0.06856343283582088 0.10074626865671647
1 0.30013992537313433 0.5942164179104478 0.04617537313432834 0.06529850746268664
1 0.07136194029850747 0.7220149253731344 0.08675373134328358 0.04850746268656721
1 0.21898320895522388 0.42350746268656714 0.0713619402985075 0.10820895522388056
1 0.3819962686567165 0.5485074626865671 0.0335820895522388 0.05223880597014926
1 0.4547574626865672 0.5149253731343283 0.022388059701492508 0.029850746268656678
1 0.45405783582089554 0.9319029850746269 0.048973880597014914 0.061567164179104454
1 0.9312033582089554 0.42537313432835816 0.029384328358208905 0.05223880597014933
1 0.9312033582089552 0.5932835820895522 0.051772388059701344 0.07462686567164184
0 0.11194029850746269 0.5158582089552239 0.2126865671641791 0.33022388059701485
0 0.3134328358208956 0.6026119402985074 0.15111940298507462 0.3582089552238806
0 0.48064365671641796 0.5317164179104478 0.16930970149253738 0.21268656716417908
0 0.6730410447761195 0.46082089552238814 0.11473880597014925 0.14552238805970155
0 0.8451492537313433 0.5457089552238805 0.12873134328358218 0.21828358208955223
0 0.9526585820895522 0.5149253731343283 0.0946828358208954 0.22388059701492544
