1 0.19799440298507462 0.103544776119403 0.05177238805970148 0.050373134328358216
1 0.3064365671641791 0.16604477611940296 0.01958955223880597 0.029850746268656733
1 0.6926305970149255 0.41791044776119407 0.044776119402985017 0.059701492537313425
1 0.8640391791044777 0.36660447761194037 0.04617537313432834 0.042910447761193994
1 0.23647388059701493 0.9384328358208955 0.050373134328358236 0.059701492537313355
1 0.5198227611940299 0.960820895522388 0.04337686567164184 0.06343283582089555
0 0.09305037313432836 0.2947761194029851 0.16651119402985073 0.2313432835820896
0 0.3113339552238806 0.2994402985074627 0.15811567164179102 0.27052238805970147
0 0.4617537313432836 0.37873134328358204 0.1203358208955224 0.1604477611940299
0 0.5953824626865672 0.37593283582089554 0.10494402985074636 0.26305970149253727
0 0.9645522388059702 0.4757462686567164 0.07089552238805964 0.2723880597014926
