1 0.12814070351758794 0.49748743718592964 0.03768844221105528 0.04355108877721932
1 0.16394472361809043 0.7060301507537688 0.03140703517587941 0.051926298157453914
1 0.40075376884422115 0.7311557788944724 0.06281407035175882 0.07202680067001666
1 0.4773869346733669 0.6993299832495814 0.03015075376884418 0.04857621440536022
1 0.3869346733668341 0.5033500837520939 0.0402010050251257 0.051926298157453914
1 0.5295226130653267 0.407035175879397 0.043969849246231124 0.06365159128978227
0 0.5973618090452262 0.4472361809045226 0.17713567839195982 0.08040201005025124
1 0.7512562814070353 0.32998324958123953 0.030150753768844255 0.0536013400335008
1 0.952889447236181 0.37688442211055273 0.03140703517587937 0.050251256281407065
1 0.9736180904522612 0.5787269681742043 0.022613065326633118 0.041876046901172546
0 0.8090452261306532 0.45477386934673364 0.15577889447236173 0.09547738693467331
1 0.4629396984924623 0.2613065326633166 0.036432160804020126 0.050251256281407065
1 0.3668341708542714 0.22948073701842545 0.03015075376884418 0.04020100502512562
1 0.4296482412060301 0.3936348408710218 0.03517587939698494 0.04690117252931323
1 0.23618090452261306 0.3249581239530988 0.05778894472361809 0.0971524288107203
0 0.24811557788944724 0.40954773869346733 0.07160804020100503 0.20603015075376885
0 0.09736180904522614 0.3819095477386935 0.13944723618090454 0.1675041876046901
1 0.8266331658291457 0.7646566164154103 0.02010050251256274 0.025125628140703498
