1 0.26236007462686567 0.40578358208955223 0.04897388059701488 0.0578358208955224
1 0.37150186567164184 0.2882462686567164 0.0629664179104477 0.046641791044776115
1 0.38339552238805974 0.20335820895522388 0.03917910447761187 0.044776119402985086
1 0.5764925373134329 0.5690298507462687 0.019589552238805936 0.0261194029850747
1 0.07765858208955224 0.03451492537313433 0.0601679104477612 0.05037313432835821
0 0.14412313432835822 0.439365671641791 0.26865671641791045 0.19216417910447758
0 0.4372667910447761 0.4048507462686567 0.21128731343283577 0.33582089552238803
0 0.6142723880597015 0.47667910447761197 0.22388059701492538 0.23694029850746276
0 0.7437033582089552 0.43003731343283585 0.12453358208955223 0.24813432835820895
0 0.9099813432835822 0.43656716417910446 0.18003731343283577 0.27611940298507465
