1 0.5445979899497487 0.05108877721943048 0.13190954773869343 0.10217755443886097
1 0.9365577889447236 0.041038525963149074 0.030150753768844255 0.051926298157453935
1 0.6199748743718593 0.847571189279732 0.032035175879397 0.050251256281406996
1 0.8988693467336681 0.6306532663316581 0.10741206030150789 0.19597989949748743
1 0.6633165829145728 0.47654941373534343 0.05841708542713569 0.05862646566164159
0 0.4084484924623114 0.4179229480737019 0.14227386934673378 0.15242881072026804
1 0.19927763819095481 0.4371859296482412 0.07066582914572866 0.1105527638190955
0 0.8376256281407035 0.37939698492462315 0.25439698492462315 0.12562814070351763
1 0.02072864321608041 0.4824120603015076 0.04145728643216082 0.13065326633165839
1 0.06548366834170855 0.31825795644891125 0.04805276381909547 0.07705192629815745
1 0.2553391959798995 0.2948073701842546 0.06595477386934676 0.06700167504187608
1 0.21812185929648245 0.04857621440536013 0.027324120603015097 0.05360134003350083
1 0.3274183417085428 0.11390284757118926 0.03863065326633166 0.05360134003350085
1 0.1154208542713568 0.11809045226130653 0.01790201005025125 0.028475711892797337
1 0.9850816582914574 0.20770519262981574 0.021670854271356746 0.060301507537688474
1 0.5290515075376885 0.7169179229480737 0.06878140703517588 0.08040201005025124
1 0.40750628140703526 0.958961474036851 0.0348618090452262 0.08207705192629816
1 0.17195351758793972 0.9338358458961474 0.02732412060301508 0.06532663316582898
1 0.18702889447236182 0.763819095477387 0.01224874371859297 0.030150753768844255
1 0.2360238693467337 0.8149078726968173 0.01224874371859297 0.03182579564489103
1 0.6345791457286433 0.983249581239531 0.02543969849246224 0.03350083752093809
1 0.011777638190954778 0.25321049266923795 0.023555276381909556 0.12451143759978275
1 0.5634422110552764 0.16331658291457288 0.0810301507537688 0.045226130653266326
1 0.7391645728643218 0.7353433835845897 0.03486180904522612 0.08710217755443893
1 0.5281092964824121 0.9865996649916248 0.031092964824120627 0.026800670016750416
