1 0.11963619402985076 0.40671641791044777 0.06296641791044777 0.09701492537313434
1 0.12173507462686568 0.621268656716418 0.058768656716417934 0.0932835820895523
1 0.20499067164179102 0.5830223880597015 0.043376865671641805 0.06902985074626869
1 0.2021921641791045 0.6697761194029852 0.02378731343283583 0.03358208955223873
1 0.291044776119403 0.5410447761194029 0.03638059701492533 0.03731343283582085
1 0.36240671641791045 0.5111940298507462 0.030783582089552227 0.02985074626865675
1 0.367304104477612 0.9141791044776119 0.043376865671641764 0.0671641791044776
1 0.5995802238805971 0.4832089552238806 0.03777985074626862 0.044776119402985086
1 0.6436567164179103 0.5466417910447761 0.02518656716417908 0.10074626865671639
1 0.8486473880597015 0.5848880597014925 0.06016791044776127 0.050373134328358236
1 0.8542444029850746 0.42723880597014924 0.029384328358208905 0.0671641791044776
0 0.055970149253731345 0.47947761194029853 0.10354477611940299 0.2201492537313433
0 0.18120335820895528 0.5951492537313432 0.14132462686567168 0.3171641791044776
0 0.3428171641791045 0.4841417910447761 0.2490671641791045 0.1809701492537313
0 0.5799906716417911 0.45242537313432835 0.1245335820895523 0.13992537313432835
0 0.7416044776119404 0.5223880597014925 0.15391791044776112 0.25373134328358204
0 0.9060167910447763 0.5382462686567164 0.1665111940298506 0.2257462686567164
