1 0.11263992537313434 0.48507462686567165 0.07695895522388062 0.0895522388059701
1 0.2693563432835821 0.5839552238805971 0.048973880597014914 0.07089552238805971
1 0.38689365671641796 0.3917910447761194 0.0601679104477612 0.06343283582089548
1 0.4484608208955224 0.582089552238806 0.03777985074626869 0.044776119402985086
1 0.8367537313432837 0.49906716417910446 0.01958955223880608 0.031716417910447846
0 0.03917910447761194 0.4188432835820896 0.07835820895522388 0.18097014925373137
0 0.1854011194029851 0.4412313432835821 0.21968283582089554 0.21082089552238814
0 0.3526119402985075 0.45615671641791056 0.09794776119402986 0.18097014925373137
0 0.49953358208955223 0.44776119402985076 0.10914179104477618 0.20895522388059704
0 0.7716884328358209 0.44496268656716415 0.13292910447761186 0.1548507462686567
0 0.9081156716417911 0.4197761194029851 0.17070895522388058 0.21641791044776126
