0 0.13662060301507536 0.5460636515912898 0.2506281407035176 0.2914572864321609
1 0.6162060301507538 0.4681742043551088 0.09045226130653262 0.15577889447236182
0 0.8211369346733669 0.550251256281407 0.347675879396985 0.2864321608040201
1 0.624214824120603 0.7319932998324958 0.06124371859296488 0.07370184254606357
1 0.7123115577889447 0.3601340033500837 0.05276381909547752 0.12395309882747065
1 0.6619032663316582 0.3592964824120603 0.03863065326633162 0.08877721943048573
1 0.24356155778894475 0.10636515912897822 0.05747487437185928 0.07537688442211056
1 0.414572864321608 0.821608040201005 0.04522613065326631 0.09212730318257954
0 0.3615196908192476 0.5802926987754548 0.13944723618090454 0.22278056951423786
0 0.49560301507537685 0.5753768844221105 0.13190954773869343 0.23953098827470698
1 0.3387375433899976 0.09984664491403496 0.017551168051295248 0.031202076535635913
1 0.3001249736771481 0.09152609117119871 0.010530700830777135 0.018721245921381566
1 0.4335138508669917 0.043682907149890295 0.01287085657094984 0.029121938099926865
1 0.523902366331162 0.14768982893534338 0.020476362726511113 0.031202076535635895
1 0.5335555087593743 0.10920726787472575 0.010530700830777135 0.020801384357090617
1 0.1064770861778576 0.2891392425635597 0.024571635271813292 0.05616373776414481
1 0.3586288671814654 0.5351156125861563 0.028081868882072383 0.03640242262490858
1 0.6491006984304011 0.15237014041568878 0.012285817635906682 0.0301620073177814
1 0.8094013666322308 0.06864456837839904 0.014625973376079316 0.02288152279279968
1 0.6844955540005131 0.04732314941238116 0.009360622960690677 0.021841453574945147
1 0.7312986688039671 0.08112539899265342 0.011700778700863453 0.027041799664217808
1 0.7043868777919811 0.1549703134603251 0.03276218036241772 0.04576304558559933
1 0.677475086779995 0.12896858301396183 0.014040934441036086 0.043682907149890315
1 0.9812787540786185 0.2752716503471331 0.03744249184276299 0.08459229109543624
1 0.8449646822135591 0.3624641224223041 0.01638109018120886 0.04472297636774478
1 0.900250861575139 0.9713980965090004 0.012285817635906682 0.023921592010654108
1 0.3207697964148754 0.7301020379667493 0.0187212459213816 0.040562699496326786
1 0.41788625963204223 0.7644243221559489 0.00819054509060443 0.017681176703527087
1 0.18750497868133714 0.8034269178254937 0.009945661895733942 0.01456096904996329
1 0.07956529516587162 0.8840322822092199 0.00819054509060444 0.01768117670352666
1 0.11525267020350521 0.9079538742198742 0.019891323791467918 0.061364083853417385
1 0.23430809348479106 0.9485165737162007 0.011115739765820294 0.030162007317781132
1 0.24074352177026598 0.9916794462571639 0.018136206986338374 0.016641107485672393
1 0.3036352072874071 0.9901193424303821 0.01287085657094984 0.019761315139235906
1 0.7134549812851503 0.9838789271232549 0.00877558402564759 0.015601038267817984
1 0.9189721074965205 0.9417561238001463 0.008775584025647732 0.0208013843570906
1 0.8203930469417458 0.7243816572685493 0.00819054509060436 0.014560969049963433
1 0.7683245817229033 0.7249016918774767 0.009360622960690677 0.013520899832108739
1 0.18457978400612127 0.8601106901985659 0.012285817635906646 0.01976131513923619
