1 0.1427238805970149 0.27052238805970147 0.03638059701492535 0.044776119402985086
1 0.197294776119403 0.26492537313432835 0.044776119402985086 0.052238805970149294
1 0.5121268656716418 0.3703358208955224 0.04197761194029852 0.06529850746268658
1 0.527518656716418 0.48600746268656714 0.05037313432835816 0.07276119402985075
1 0.7290111940298507 0.08022388059701493 0.050373134328358306 0.05970149253731344
1 0.8731343283582089 0.33582089552238803 0.04197761194029837 0.06343283582089551
1 0.6597481343283582 0.30410447761194026 0.029384328358208905 0.04850746268656721
0 0.2322761194029851 0.34328358208955223 0.16231343283582092 0.2985074626865672
0 0.41138059701492535 0.2994402985074627 0.12593283582089548 0.3041044776119403
0 0.5813899253731343 0.34701492537313433 0.13572761194029845 0.26865671641791045
0 0.7094216417910448 0.35727611940298504 0.1847014925373135 0.28171641791044777
0 0.9365671641791045 0.42910447761194026 0.12686567164179097 0.20149253731343278
