1 0.103544776119403 0.21455223880597019 0.03638059701492539 0.041044776119403006
1 0.12103544776119403 0.3069029850746269 0.06576492537313433 0.08395522388059704
1 0.04827425373134329 0.47667910447761197 0.09654850746268658 0.08395522388059704
1 0.09794776119402986 0.5615671641791045 0.04197761194029852 0.04104477611940304
1 0.7982742537313433 0.4934701492537314 0.04337686567164184 0.06902985074626869
1 0.9444962686567164 0.4393656716417911 0.04477611940298516 0.061567164179104523
1 0.328125 0.17444029850746268 0.05177238805970145 0.050373134328358195
1 0.3568097014925374 0.9738805970149252 0.044776119402985086 0.03731343283582092
0 0.27635261194029853 0.3871268656716418 0.13852611940298512 0.1809701492537313
0 0.5044309701492538 0.39365671641791045 0.2112873134328359 0.25
0 0.5932835820895522 0.4430970149253731 0.13712686567164184 0.14738805970149252
0 0.7332089552238807 0.4514925373134328 0.1371268656716417 0.24253731343283583
