1 0.08465485074626866 0.4888059701492537 0.0517723880597015 0.08208955223880593
1 0.10354477611940299 0.6623134328358209 0.05597014925373133 0.07462686567164184
1 0.18819962686567165 0.6930970149253731 0.043376865671641764 0.031716417910447776
1 0.3638059701492537 0.6529850746268657 0.050373134328358236 0.03731343283582085
1 0.4176772388059702 0.6408582089552239 0.04337686567164184 0.03544776119402997
1 0.4953358208955224 0.7080223880597015 0.061567164179104454 0.08768656716417908
1 0.5974813432835822 0.5046641791044777 0.03358208955223887 0.031716417910447776
1 0.8143656716417911 0.4514925373134328 0.03358208955223873 0.0335820895522388
1 0.8024720149253732 0.9356343283582089 0.03777985074626869 0.061567164179104454
0 0.08115671641791045 0.5643656716417911 0.1595149253731343 0.3003731343283582
0 0.20149253731343286 0.5811567164179103 0.07555970149253731 0.26305970149253727
0 0.36380597014925375 0.5419776119402985 0.05876865671641795 0.16604477611940296
0 0.5135261194029851 0.5438432835820897 0.1343283582089552 0.19216417910447767
0 0.6674440298507462 0.5074626865671642 0.1399253731343282 0.14925373134328368
0 0.8374533582089552 0.49720149253731344 0.13292910447761203 0.15111940298507462
0 0.9521921641791045 0.4869402985074626 0.08815298507462685 0.11194029850746269
