1 0.7035175879396985 0.8601340033500837 0.042713567839196005 0.05862646566164159
1 0.7757537688442213 0.8425460636515913 0.03140703517587937 0.0469011725293133
1 0.5006281407035176 0.6063651591289783 0.018844221105527695 0.0402010050251257
1 0.8015075376884423 0.4396984924623115 0.03517587939698487 0.04857621440536015
1 0.850502512562814 0.568676716917923 0.06281407035175889 0.08542713567839194
1 0.6067839195979898 0.47152428810720265 0.07286432160804018 0.08877721943048571
1 0.23680904522613067 0.5351758793969849 0.02386934673366831 0.015075376884422198
1 0.1809045226130653 0.4413735343383584 0.03015075376884422 0.038525963149078774
0 0.3329304293857078 0.40587803359085034 0.10314736044838316 0.24411541972784018
0 0.5000495635411923 0.5569260431338648 0.11668545150723342 0.07220315231386824
0 0.050606673719988005 0.43180813173981314 0.09992400543437122 0.09254610832980986
0 0.2769436989184685 0.48121765286434515 0.18721245921381496 0.026474489181751642
0 0.9125171311100958 0.6395614435815442 0.159890360895386 0.05177402162326779
1 0.49908634079488345 0.8055428658443734 0.025125628140703498 0.04568296025582441
1 0.7189355870260392 0.39439622354195214 0.01713111009593433 0.036546368204659674
