1 0.0685634328358209 0.4076492537313433 0.07276119402985075 0.09514925373134325
1 0.16231343283582092 0.5401119402985074 0.03358208955223882 0.042910447761193994
1 0.22178171641791045 0.0625 0.048973880597014914 0.05410447761194029
1 0.5226212686567164 0.3069029850746269 0.029384328358208974 0.046641791044776115
1 0.5156250000000001 0.2257462686567164 0.023787313432835758 0.033582089552238834
1 0.7220149253731344 0.5634328358208955 0.01958955223880608 0.04104477611940304
0 0.06856343283582089 0.43843283582089554 0.12873134328358207 0.22388059701492538
0 0.2945429104477612 0.4328358208955224 0.2924440298507463 0.22388059701492538
0 0.5680970149253731 0.3694029850746269 0.13992537313432835 0.33582089552238814
0 0.717117537313433 0.4235074626865672 0.14692164179104494 0.2537313432835821
0 0.8843283582089552 0.4281716417910447 0.18190298507462685 0.2518656716417911
