1 0.06926305970149255 0.5345149253731344 0.04897388059701492 0.03917910447761187
1 0.14062500000000003 0.4972014925373135 0.02938432835820894 0.042910447761193994
1 0.3917910447761194 0.46361940298507465 0.044776119402985086 0.06529850746268658
1 0.24137126865671643 0.8460820895522388 0.043376865671641764 0.042910447761193925
1 0.20009328358208955 0.9291044776119403 0.055970149253731345 0.06343283582089555
1 0.6520522388059702 0.3871268656716418 0.04477611940298495 0.0578358208955224
1 0.6555503731343283 0.5494402985074626 0.040578358208955126 0.050373134328358236
1 0.542910447761194 0.5130597014925373 0.02238805970149258 0.05223880597014926
1 0.7367070895522388 0.47388059701492535 0.032182835820895546 0.0335820895522388
1 0.8801305970149254 0.5643656716417911 0.03917910447761187 0.03917910447761194
1 0.9193097014925374 0.5466417910447762 0.04197761194029852 0.03731343283582092
1 0.980643656716418 0.625 0.0387126865671641 0.0932835820895523
1 0.40718283582089554 0.6091417910447761 0.02238805970149258 0.027985074626865582
0 0.13152985074626863 0.49906716417910446 0.24906716417910446 0.2145522388059701
0 0.31483208955223885 0.43376865671641796 0.1427238805970149 0.14738805970149252
0 0.5107276119402985 0.5018656716417911 0.11753731343283583 0.22761194029850743
0 0.6653451492537314 0.48787313432835816 0.2252798507462687 0.2630597014925373
0 0.810867537313433 0.5158582089552239 0.11613805970149245 0.2481343283582089
0 0.9465951492537314 0.4375 0.0853544776119402 0.1361940298507463
