1 0.058768656716417914 0.2957089552238806 0.047574626865671654 0.0354477611940299
1 0.033582089552238806 0.5410447761194029 0.025186567164179104 0.026119402985074557
1 0.013292910447761194 0.726865668795002 0.02658582089552239 0.07238806539507067
1 0.22877798507462685 0.642723880597015 0.03218283582089551 0.05410447761194043
1 0.27845149253731344 0.6138059701492538 0.044776119402985086 0.05597014925373138
1 0.3351212686567165 0.6958955223880596 0.07695895522388063 0.04850746268656721
1 0.4722481343283582 0.6082089552238805 0.057369402985074626 0.09701492537313441
1 0.5464085820895523 0.5727611940298507 0.04617537313432834 0.06343283582089548
1 0.4820429104477612 0.4095149253731343 0.07416044776119407 0.1026119402985075
1 0.6681436567164178 0.875 0.03777985074626869 0.06343283582089555
0 0.10984141791044776 0.5625 0.18050373134328357 0.28917910447761197
0 0.3078358208955224 0.5625 0.18190298507462685 0.30410447761194026
0 0.44776119402985076 0.5046641791044776 0.1791044776119403 0.2593283582089553
0 0.5834888059701493 0.5541044776119404 0.12873134328358213 0.332089552238806
0 0.7520988805970148 0.4832089552238806 0.20569029850746276 0.2052238805970149
0 0.9270055970149254 0.4309701492537313 0.1357276119402985 0.24253731343283583
