1 0.1614321608040201 0.26046901172529313 0.04396984924623114 0.04522613065326631
1 0.10238693467336683 0.29983249581239535 0.03643216080402009 0.04020100502512566
1 0.024497487437185928 0.29564489112227804 0.028894472361809045 0.0720268006700168
1 0.5979899497487438 0.05025125628140703 0.025125628140703498 0.06030150753768844
0 0.32914572864321606 0.33752093802345057 0.15577889447236185 0.2596314907872697
0 0.47361809045226133 0.36515912897822445 0.12562814070351763 0.1842546063651591
0 0.6199748743718595 0.3517587939698494 0.06658291457286382 0.23785594639866006
0 0.7876884422110547 0.45226130653266317 0.16582914572864443 0.12060301507537657
1 0.625 0.9614740368509213 0.03391959798994975 0.04690117252931316
0 0.9240780017360813 0.37246660026643624 0.15184399652783725 0.2244804814165913
