0 0.25439698492462315 0.37939698492462315 0.1469849246231156 0.19932998324958123
0 0.3976130653266332 0.44472361809045224 0.10175879396984926 0.13232830820770516
0 0.5690954773869347 0.4204355108877722 0.09296482412060293 0.14405360134003353
0 0.7066582914572865 0.4304857621440538 0.15703517587939703 0.21440536013400335
0 0.8473618090452262 0.4204355108877722 0.1319095477386935 0.1809045226130653
0 0.949748743718593 0.4849246231155779 0.10050251256281399 0.09882747068676714
1 0.34233668341708534 0.9631490787269682 0.04145728643216082 0.07370184254606357
1 0.01507537688442211 0.2657733067395898 0.03015075376884422 0.054718043137235634
1 0.012562814070351758 0.518704630022672 0.025125628140703515 0.05136795938514183
1 0.42273869346733667 0.5812395309882747 0.028894472361808993 0.026800670016750346
