1 0.3293027638190955 0.30234505862646566 0.10270100502512566 0.15912897822445557
1 0.18655778894472363 0.1842546063651591 0.07537688442211055 0.11055276381909548
1 0.3128140703517588 0.04020100502512562 0.041457286432160775 0.05360134003350083
1 0.6345791457286435 0.5284757118927972 0.09327889447236162 0.139028475711893
1 0.7556532663316582 0.5251256281407035 0.05841708542713562 0.10552763819095475
1 0.8380967336683418 0.5301507537688442 0.03674623115577887 0.06867671691792296
1 0.9035804020100503 0.2914572864321608 0.0998743718592965 0.11390284757118924
1 0.9304334170854273 0.4011725293132329 0.057474874371859386 0.08207705192629816
0 0.914886934673367 0.4355108877721943 0.13944723618090468 0.13400335008375205
1 0.11070979899497488 0.3098827470686767 0.07631909547738695 0.09380234505862646
1 0.06972361809045227 0.407035175879397 0.07537688442211056 0.08375209380234501
1 0.026381909547738697 0.3009491861365748 0.05276381909547739 0.16303740074886147
1 0.219535175879397 0.4279731993299833 0.08856783919597991 0.13232830820770516
1 0.26476130653266333 0.5678391959798995 0.054648241206030124 0.06700167504187604
1 0.5455402010050251 0.5343383584589615 0.039572864321608066 0.08040201005025124
1 0.7236180904522612 0.31407035175879394 0.04899497487437188 0.09212730318257961
1 0.032977386934673364 0.8400335008375208 0.062185929648241205 0.06867671691792296
1 0.3745288944723619 0.44221105527638194 0.046168341708542684 0.0636515912897822
1 0.3980841708542714 0.5117252931323283 0.04993718592964825 0.04857621440536008
1 0.5163316582914574 0.355108877721943 0.06407035175879393 0.09715242881072025
1 0.12060301507537691 0.685929648241206 0.05653266331658292 0.06867671691792296
1 0.798994974874372 0.916247906197655 0.041457286432160886 0.08710217755443893
