0 0.20869974874371863 0.4120603015075377 0.15734924623115584 0.355108877721943
0 0.4654522613065326 0.3810720268006699 0.33165829145728654 0.43048576214405343
1 0.40467964824120606 0.2822445561139026 0.13473618090452258 0.1758793969849245
1 0.5639133165829144 0.36767169179229475 0.11589195979899475 0.16917922948073694
1 0.7160804020100504 0.3006700167504188 0.10552763819095475 0.20268006700167507
1 0.8272613065326635 0.31155778894472363 0.09045226130653262 0.20435510887772196
1 0.8399811557788945 0.7989949748743719 0.1912688442211055 0.26800670016750416
1 0.9583856783919594 0.30764935364076235 0.08322864321607941 0.3539921746182081
0 0.7829773869346733 0.5025125628140704 0.27701005025125625 0.17085427135678394
1 0.3217650753768844 0.8886097152428811 0.03297738693467338 0.06197654941373529
1 0.5403632345489576 0.25103488849125016 0.14785529449272658 0.18059383691837275
1 0.6063130781356527 0.007091381030826345 0.026592678865598744 0.01418276206165269
1 0.7973637870441371 0.5748746222323223 0.0255289717109747 0.06429518801282555
1 0.7864607887092415 0.9900720665568429 0.004786682195807828 0.016073797003206353
1 0.44979747427076083 0.7697664958658379 0.011168925123551504 0.012291727120098983
1 0.444744865286297 0.6912885457913596 0.009573364391615585 0.021746901827867475
1 0.37666760739036415 0.6931795807329132 0.009573364391615513 0.016073797003206353
1 0.5399466556251408 0.6378668086924678 0.008509657236991472 0.015128279532429473
1 0.600577963438706 0.6964888918806323 0.007445950082367645 0.01701931447398337
1 0.08350101163798021 0.6473219834002363 0.026592678865598806 0.04727587353884239
1 0.2661746231155779 0.39028475711892796 0.03674623115577891 0.0402010050251257
