1 0.4230527638190955 0.35845896147403683 0.10364321608040207 0.14405360134003345
1 0.4362437185929649 0.5117252931323283 0.09987437185929643 0.13902847571189278
0 0.5139761306532664 0.33500837520938026 0.06312814070351763 0.23115577889447242
1 0.5752198492462312 0.4891122278056952 0.07255025125628137 0.12395309882747071
1 0.6798052763819095 0.5619765494137353 0.04051507537688437 0.06867671691792303
1 0.7688442211055277 0.3417085427135678 0.08668341708542712 0.11725293132328303
1 0.8343278894472362 0.30150753768844224 0.06124371859296488 0.08375209380234516
1 0.9068781407035176 0.20938023450586266 0.04428391959799001 0.09380234505862646
1 0.9772298994974875 0.26242322298749604 0.04554020100502512 0.12618647947582967
1 0.8395100502512562 0.5008375209380235 0.05087939698492463 0.1206030150753768
1 0.8206658291457287 0.611390284757119 0.08856783919597987 0.1306532663316583
0 0.17902010050251257 0.39195979899497485 0.10175879396984928 0.17085427135678397
0 0.1082816920943014 0.6041211355263281 0.19315326633165827 0.05426045036083642
1 0.025910804020100504 0.2841987673761058 0.05182160804020101 0.11166946692283031
1 0.7419912060301508 0.5360134003350083 0.03863065326633162 0.07705192629815748
1 0.8022927135678393 0.7311557788944724 0.03297738693467352 0.0686767169179231
1 0.9733040201005027 0.8408710217755444 0.04711055276381899 0.0938023450586266
