0 0.6251570351758794 0.26130653266331655 0.20822864321608037 0.2110552763819095
1 0.48570979899497485 0.07035175879396985 0.15169597989949743 0.1306532663316583
1 0.7664886934673367 0.9187604690117251 0.083856783919598 0.15242881072026804
0 0.2944409547738694 0.29564489112227804 0.115891959798995 0.1658291457286432
0 0.17713567839195982 0.24120603015075376 0.07914572864321609 0.22445561139028478
0 0.958856783919598 0.1300949147797909 0.082286432160804 0.24902290075867622
1 0.34720477386934673 0.4212730318257957 0.07066582914572862 0.0787269681742044
0 0.4673366834170855 0.28475711892797323 0.08103015075376895 0.17755443886097155
1 0.042870603015075386 0.18676716917922956 0.05559045226130654 0.06867671691792286
1 0.8121859296482412 0.3006700167504188 0.064070351758794 0.10552763819095479
1 0.7905150753768845 0.08710217755443886 0.06595477386934662 0.09045226130653265
1 0.39667085427135684 0.9363484087102178 0.054648241206030124 0.07370184254606357
1 0.44802135678391963 0.8123953098827471 0.01790201005025125 0.03350083752093809
1 0.6972361809045227 0.7194304857621441 0.03391959798994975 0.051926298157453914
1 0.9318467336683418 0.7596314907872697 0.03580402010050264 0.08542713567839201
1 0.7580087939698492 0.6055276381909548 0.010364321608040114 0.025125628140703567
1 0.19456658291457288 0.6021775544388609 0.03674623115577891 0.08207705192629816
1 0.005182160804020102 0.5728643216080402 0.010364321608040204 0.04355108877721932
1 0.2468592964824121 0.27219430485762147 0.039572864321608066 0.04857621440536011
1 0.503140703517588 0.4824120603015075 0.018844221105527553 0.050251256281407065
1 0.7019472361809045 0.5544388609715243 0.016959798994974875 0.03350083752093802
1 0.5592022613065327 0.25963149078726966 0.04993718592964825 0.10385259631490787
