1 0.22667910447761194 0.41417910447761197 0.055970149253731345 0.0671641791044776
1 0.37779850746268656 0.3619402985074626 0.02238805970149258 0.044776119402985086
1 0.42257462686567165 0.3582089552238806 0.044776119402985086 0.05597014925373131
1 0.7080223880597015 0.46082089552238803 0.041977611940298656 0.07089552238805964
1 0.7185167910447761 0.5680970149253731 0.03777985074626855 0.05783582089552233
1 0.8948227611940299 0.18376865671641787 0.04337686567164184 0.06902985074626866
0 0.05806902985074627 0.35541044776119407 0.11613805970149255 0.2593283582089552
0 0.4967350746268657 0.4207089552238806 0.1427238805970149 0.2742537313432836
0 0.6541511194029852 0.3992537313432836 0.06576492537313428 0.27611940298507465
0 0.791277985074627 0.4440298507462686 0.07416044776119407 0.23134328358208947
0 0.9228078358208955 0.42723880597014924 0.15251865671641796 0.2798507462686567
