1 0.1707089552238806 0.3973880597014926 0.05597014925373136 0.08208955223880601
1 0.33442164179104483 0.3404850746268657 0.019589552238806006 0.03917910447761194
1 0.37779850746268656 0.33861940298507465 0.044776119402985017 0.03917910447761191
1 0.6660447761194029 0.4412313432835821 0.04197761194029852 0.061567164179104454
1 0.6765391791044777 0.5531716417910448 0.043376865671641694 0.046641791044776185
1 0.8549440298507462 0.1623134328358209 0.04477611940298516 0.059701492537313425
0 0.027985074626865676 0.3414179104477612 0.050373134328358216 0.2873134328358209
0 0.4330690298507463 0.4132462686567165 0.11893656716417908 0.2630597014925373
0 0.6163712686567164 0.36567164179104483 0.08815298507462693 0.26865671641791045
0 0.7660914179104478 0.42257462686567165 0.138526119402985 0.2145522388059701
0 0.8689365671641792 0.42257462686567165 0.142723880597015 0.292910447761194
