1 0.40891959798994976 0.5393634840871022 0.07537688442211049 0.1273031825795644
1 0.44189698492462315 0.4363484087102178 0.07349246231155782 0.13567839195979892
1 0.594535175879397 0.414572864321608 0.1300251256281407 0.20938023450586257
1 0.7372801507537688 0.5268006700167505 0.07443467336683426 0.11222780569514235
0 0.7222047738693468 0.5745393634840871 0.08951005025125625 0.14740368509212728
0 0.49418969849246236 0.5577889447236182 0.24214824120603018 0.22780569514237847
1 0.22330402010050254 0.4941373534338358 0.07726130653266332 0.12060301507537695
1 0.11259422110552766 0.5460636515912899 0.07631909547738695 0.1038525963149079
1 0.04239949748743719 0.4907872696817421 0.07726130653266332 0.12730318257956447
1 0.3062185929648241 0.5100502512562813 0.07726130653266335 0.1222780569514238
0 0.3062185929648241 0.5728643216080402 0.06218592964824125 0.15075376884422112
0 0.12766959798994976 0.6147403685092128 0.17054020100502515 0.1440536013400336
1 0.30150753768844224 0.7948073701842546 0.0904522613065327 0.09882747068676707
1 0.8819095477386935 0.7261306532663317 0.10175879396984926 0.14572864321608037
0 0.9082914572864321 0.5527638190954774 0.167713567839196 0.18425460636515922
1 0.9459798994974875 0.41289782244556117 0.09422110552763825 0.1725293132328308
1 0.5761620603015075 0.22278056951423786 0.05935929648241199 0.07370184254606361
1 0.7900439698492463 0.7336683417085428 0.03486180904522612 0.0469011725293133
1 0.15679043459157055 0.21165408583339704 0.02808186888207233 0.044722976367744846
1 0.19832819897963588 0.24857654306723287 0.021061401661554235 0.03744249184276313
1 0.19101521229159618 0.04472297636774483 0.012285817635906682 0.0166411074856725
1 0.2843289224309824 0.06968463759625357 0.01287085657094984 0.020801384357090624
1 0.49377286117643854 0.035882388015981315 0.03393225823250404 0.07176477603196263
1 0.44784730477554946 0.2256950202744332 0.01696612911625209 0.04160276871418127
1 0.2506891836659999 0.14924993276212517 0.012285817635906646 0.0260017304463633
1 0.2699954685224246 0.1580905211138887 0.011115739765820294 0.014560969049963379
1 0.7693261995817733 0.21373422426910607 0.03159210249233141 0.02808186888207235
1 0.9024225573040954 0.04628308019452662 0.01579605124616549 0.040562699496326717
1 0.7077730519459348 0.278218515776087 0.03451729716754727 0.08424560664621701
1 0.6782285857262544 0.4789518748220115 0.01638109018120886 0.03848256106061775
1 0.7765151268135077 0.9079538742198742 0.01755116805129532 0.02808186888207217
1 0.15445027885139784 0.7618241491113125 0.0070204672205180785 0.012480830614254472
1 0.11349755339837568 0.7238616226596223 0.007020467220518096 0.01144076139639992
1 0.27584585787285637 0.2548169583743601 0.021646440596597358 0.0291219380999269
1 0.29193442858654367 0.14404958667285253 0.015211012311122474 0.021841453574945147
1 0.7089431298160211 0.722848106408899 0.006435428285474814 0.0208013843570906
1 0.5483499421466704 0.5449697171886438 0.030422024622244314 0.06760449916054576
