1 0.11243718592964823 0.26549413735343386 0.06407035175879397 0.10217755443886095
0 0.103643216080402 0.3358458961474037 0.08668341708542714 0.1725293132328308
0 0.43404522613065327 0.3927973199329983 0.04899497487437188 0.16582914572864327
0 0.5483668341708543 0.3877721943048576 0.041457286432160886 0.19597989949748743
0 0.667713567839196 0.4539363484087102 0.09170854271356788 0.08710217755443878
0 0.7556532663316582 0.5142378559463987 0.157035175879397 0.09045226130653262
1 0.8680904522613065 0.38190954773869346 0.03266331658291463 0.05360134003350083
1 0.8806532663316582 0.5896147403685091 0.020100502512562884 0.0402010050251257
1 0.37248743718592964 0.6876046901172529 0.03140703517587937 0.04857621440536022
1 0.29082914572864316 0.7152428810720269 0.06155778894472359 0.05695142378559453
1 0.032035175879396985 0.6624790619765494 0.03391959798994975 0.048576214405360287
1 0.3178391959798995 0.35594639865996647 0.037688442211055245 0.051926298157453914
1 0.26947236180904527 0.46901172529313234 0.046482412060301535 0.050251256281406996
1 0.3611809045226131 0.23450586264656614 0.036432160804020126 0.04690117252931323
1 0.2638190954773869 0.18592964824120603 0.03015075376884422 0.04020100502512562
1 0.653894472361809 0.31993299832495814 0.03140703517587944 0.0536013400335009
1 0.725502512562814 0.7688442211055276 0.021356783919598145 0.04020100502512548
