0 0.10678391959798994 0.36515912897822445 0.08291457286432159 0.21775544388609716
1 0.17085427135678394 0.541038525963149 0.03015075376884422 0.036850921273031786
0 0.2770100502512563 0.4681742043551089 0.18216080402010054 0.09882747068676721
0 0.4820416091958468 0.4776816181684254 0.19095477386934637 0.06197654941373546
0 0.5684673366834171 0.42462311557788923 0.08919597989949724 0.20603015075376874
1 0.9616834170854272 0.4246231155778895 0.04145728643216074 0.04522613065326631
1 0.8831658291457287 0.3835845896147403 0.027638190954773875 0.03350083752093802
1 0.85678391959799 0.3760469011725293 0.015075376884422127 0.021775544388609732
1 0.7807788944723617 0.4690117252931323 0.06155778894472363 0.07035175879396988
1 0.1928391959798995 0.01675041876046901 0.02386934673366831 0.023450586264656615
1 0.685929648241206 0.7830820770519263 0.025125628140703498 0.04857621440536008
1 0.8712311557788945 0.830820770519263 0.05402010050251263 0.0636515912897822
1 0.9296482412060301 0.8065326633165829 0.025125628140703498 0.04857621440536008
1 0.6834170854271358 0.6072026800670016 0.020100502512562884 0.028475711892797337
