1 0.11683768656716419 0.47947761194029853 0.07416044776119404 0.10074626865671639
1 0.27075559701492535 0.5848880597014926 0.0601679104477612 0.0839552238805971
1 0.38129664179104483 0.3908582089552239 0.057369402985074626 0.06529850746268658
1 0.45405783582089554 0.5764925373134328 0.040578358208955195 0.044776119402985086
1 0.8339552238805971 0.49626865671641796 0.019589552238805936 0.0335820895522388
0 0.04267723880597015 0.4151119402985075 0.07416044776119403 0.17350746268656722
0 0.1937966417910448 0.4132462686567164 0.22248134328358213 0.2518656716417911
0 0.365205223880597 0.458955223880597 0.061567164179104454 0.14552238805970155
0 0.5023320895522388 0.4328358208955224 0.10914179104477612 0.2313432835820895
0 0.7576958955223881 0.4281716417910447 0.0965485074626865 0.15111940298507462
0 0.8843283582089552 0.43003731343283574 0.1035447761194031 0.18470149253731344
