1 0.6163712686567164 0.44682835820895517 0.03777985074626862 0.042910447761193994
1 0.9137126865671642 0.5279850746268656 0.05037313432835816 0.05597014925373131
1 0.3036380597014925 0.7248134328358209 0.06436567164179106 0.08395522388059704
1 0.13922574626865672 0.6613805970149254 0.037779850746268655 0.061567164179104454
1 0.1937966417910448 0.6427238805970148 0.060167910447761166 0.046641791044776115
1 0.6898320895522388 0.6473880597014926 0.03358208955223873 0.05597014925373131
1 0.36660447761194037 0.5037313432835822 0.025186567164179153 0.02238805970149258
0 0.09025186567164178 0.5550373134328358 0.13852611940298507 0.17350746268656722
0 0.24207089552238809 0.539179104477612 0.207089552238806 0.22761194029850748
0 0.3994869402985075 0.503731343283582 0.18330223880597019 0.20149253731343278
0 0.5841884328358209 0.4757462686567164 0.1861007462686567 0.16791044776119393
0 0.7604944029850746 0.5139925373134328 0.10774253731343293 0.1809701492537313
0 0.9116138059701493 0.49253731343283585 0.14412313432835816 0.17910447761194034
