1 0.21338619402985073 0.41138059701492535 0.04057835820895523 0.07276119402985075
1 0.2693563432835821 0.43470149253731344 0.0601679104477612 0.0708955223880598
1 0.291044776119403 0.5149253731343283 0.03638059701492533 0.05223880597014919
1 0.30713619402985076 0.2677238805970149 0.06016791044776113 0.07276119402985078
1 0.2889458955223881 0.17350746268656717 0.043376865671641764 0.0335820895522388
1 0.030083955223880597 0.16511194029850745 0.051772388059701496 0.06902985074626863
1 0.015391791044776122 0.22014925373134328 0.027985074626865676 0.059701492537313425
1 0.48274253731343286 0.12220149253731342 0.061567164179104454 0.07276119402985076
1 0.5925839552238806 0.19496268656716417 0.015391791044776114 0.031716417910447776
1 0.5282182835820897 0.9104477611940299 0.03777985074626869 0.0597014925373135
1 0.7709888059701493 0.9384328358208955 0.05037313432835816 0.05223880597014926
1 0.9472947761194029 0.43376865671641796 0.03358208955223873 0.07276119402985075
0 0.1357276119402985 0.31529850746268656 0.09794776119402986 0.16044776119402987
0 0.4834421641791045 0.3367537313432836 0.11613805970149257 0.18097014925373134
0 0.6716417910447761 0.34421641791044777 0.17070895522388063 0.23694029850746265
0 0.7737873134328359 0.3936567164179104 0.15111940298507476 0.13805970149253732
0 0.9067164179104481 0.3992537313432835 0.1259328358208954 0.20149253731343286
