1 0.20289179104477612 0.42537313432835816 0.03917910447761194 0.044776119402985086
1 0.1923973880597015 0.5214552238805971 0.04897388059701495 0.042910447761193994
1 0.5373134328358209 0.5046641791044776 0.05876865671641795 0.08022388059701498
1 0.6646455223880596 0.45429104477611937 0.03358208955223873 0.046641791044776115
1 0.6709421641791045 0.5951492537313433 0.04617537313432834 0.06343283582089555
1 0.8374533582089552 0.582089552238806 0.04617537313432834 0.059701492537313425
1 0.8031716417910448 0.4151119402985075 0.05597014925373131 0.046641791044776115
1 0.32462686567164184 0.6473880597014926 0.0335820895522388 0.04850746268656721
0 0.11403917910447761 0.48134328358208944 0.22248134328358207 0.12686567164179102
0 0.32042910447761197 0.4748134328358209 0.07276119402985075 0.1399253731343284
0 0.48274253731343286 0.4701492537313433 0.13992537313432835 0.16417910447761194
0 0.644356343283582 0.45802238805970147 0.08535447761194029 0.1548507462686567
0 0.752098880597015 0.4561567164179104 0.2700559701492537 0.2444029850746268
0 0.9519589552238807 0.48507462686567165 0.09608208955223872 0.1940298507462687
