1 0.12873134328358207 0.605410447761194 0.0419776119402985 0.08768656716417908
1 0.10704291044776121 0.458955223880597 0.04057835820895523 0.0671641791044776
1 0.2308768656716418 0.40578358208955223 0.061567164179104523 0.06529850746268658
1 0.31763059701492535 0.5895522388059701 0.03917910447761187 0.0597014925373135
1 0.7101212686567164 0.48694029850746273 0.0237873134328359 0.02985074626865675
0 0.3463152985074627 0.458955223880597 0.09934701492537315 0.20895522388059704
0 0.17000932835820898 0.4328358208955224 0.22248134328358207 0.26865671641791045
0 0.621268656716418 0.42257462686567165 0.17070895522388063 0.1585820895522388
0 0.7513992537313433 0.43843283582089554 0.07276119402985075 0.19776119402985082
0 0.9302705223880596 0.3815298507462687 0.13945895522388058 0.12126865671641796
