0 0.14698492462311563 0.41289782244556106 0.29396984924623126 0.2797319932998325
0 0.5357672484533051 0.3734263418257055 0.19597989949748743 0.3165829145728643
0 0.9238986877481662 0.3032090308884928 0.135678391959799 0.3835845896147404
1 0.65625 0.7236180904522613 0.031092964824120627 0.08375209380234509
1 0.4744032663316584 0.8894472361809045 0.02920854271356781 0.05360134003350083
1 0.3877198492462312 0.0745393634840871 0.07631909547738701 0.11892797319932998
1 0.2605213567839196 0.13735343383584586 0.10835427135678383 0.11055276381909536
0 0.7217336683417086 0.4204355108877722 0.1695979899497488 0.2412060301507538
1 0.7141959798994975 0.23869346733668345 0.03391959798994975 0.05192629815745395
1 0.9045226130653268 0.7830820770519263 0.04522613065326638 0.06867671691792282
1 0.3340138190954774 0.44472361809045224 0.09327889447236182 0.11892797319932996
1 0.19253099498693524 0.22739695172183144 0.010637071546239519 0.02363793676942116
1 0.34038628947966454 0.3172211114456318 0.008509657236991614 0.023637936769421122
1 0.32576031610358525 0.0699682928374866 0.011168925123551504 0.020801384357090617
1 0.5628163594495557 0.28649179364538435 0.006382242927743746 0.01134620964932214
1 0.5362236805839569 0.5082156405425546 0.025528971710974985 0.029311041594082213
1 0.8367209517652233 0.2987835207654833 0.03297492179334242 0.039711733772627544
1 0.9476124226347703 0.20580763373451816 0.10477515473045941 0.1998193540150229
1 0.8117238336315605 0.6959008584917586 0.007445950082367716 0.017019314473983086
1 0.951867251253266 0.5918939367063055 0.009041510814303565 0.018910349415537056
1 0.28465693851539237 0.5999308352079088 0.015955607319359223 0.016073797003206422
1 0.27960432953092856 0.6486249849529163 0.013296339432799406 0.018910349415536983
1 0.04387792012823801 0.6065494575033467 0.006914096505055696 0.017964831944760035
1 0.21274143092479034 0.5663649649953306 0.010637071546239482 0.01323724459087586
1 0.12631522461159428 0.863845484208134 0.01648746089667126 0.022692419298644212
1 0.2396000365790451 0.840207547438713 0.006914096505055696 0.018910349415536983
1 0.5270668951161681 0.9191582562485795 0.007445950082367716 0.025528971710974842
1 0.6278531480167875 0.5593888586179897 0.009041510814303494 0.015128279532429616
1 0.5996649084192528 0.6851426822313101 0.009041510814303565 0.01701931447398323
