1 0.31218905472636815 0.4039179104477612 0.05223880597014933 0.042910447761194064
1 0.38930348258706465 0.7042910447761195 0.057213930348258654 0.08395522388059704
1 0.3594527363184079 0.755597014925373 0.05223880597014933 0.03358208955223873
0 0.43781094527363185 0.6884328358208955 0.08955223880597017 0.10074626865671639
1 0.44029850746268656 0.6110074626865671 0.029850746268656678 0.03544776119402982
1 0.291044776119403 0.519589552238806 0.029850746268656712 0.024253731343283604
0 0.4626865671641791 0.894589552238806 0.09452736318407957 0.07276119402985075
0 0.4303482587064677 0.16884328358208955 0.0895522388059701 0.09888059701492537
0 0.4427860696517413 0.03824626865671642 0.09452736318407957 0.06902985074626866
1 0.458955223880597 0.39832089552238803 0.042288557213930315 0.024253731343283676
0 0.41542288557213936 0.3292910447761194 0.09950248756218905 0.07649253731343282
1 0.753731343283582 0.14458955223880599 0.09950248756218912 0.08022388059701493
1 0.27611940298507465 0.6044776119402985 0.019900497512437772 0.01492537313432841
