1 0.3127332089552239 0.43843283582089554 0.03777985074626869 0.04104477611940304
1 0.2994402985074627 0.5270522388059702 0.025186567164179118 0.05037313432835816
1 0.014692164179104478 0.7322761194029852 0.02658582089552239 0.0727611940298506
1 0.6359608208955224 0.5139925373134329 0.06856343283582099 0.07649253731343279
1 0.7758861940298507 0.6007462686567164 0.057369402985074626 0.06716417910447767
1 0.7744869402985074 0.45802238805970147 0.043376865671641694 0.0578358208955224
1 0.8983208955223881 0.3992537313432836 0.05876865671641795 0.05223880597014926
1 0.9423973880597016 0.5690298507462687 0.05177238805970148 0.04477611940298495
0 0.07695895522388059 0.46921641791044777 0.1455223880597015 0.14738805970149252
0 0.21968283582089554 0.4972014925373135 0.2154850746268657 0.11753731343283583
0 0.4351679104477612 0.4757462686567164 0.061567164179104454 0.10820895522388056
0 0.589785447761194 0.4776119402985074 0.1385261194029851 0.1791044776119403
0 0.7856809701492538 0.45242537313432835 0.14132462686567165 0.1436567164179104
0 0.9291044776119404 0.48973880597014924 0.11753731343283576 0.11380597014925385
1 0.20638992537313436 0.8638059701492538 0.037779850746268655 0.059701492537313355
1 0.42397388059701496 0.6539179104477612 0.044776119402985086 0.05410447761194021
