1 0.16371268656716417 0.24253731343283583 0.033582089552238834 0.04477611940298505
1 0.28544776119402987 0.3292910447761194 0.030783582089552227 0.0354477611940299
1 0.4190764925373135 0.29291044776119407 0.03498134328358212 0.07089552238805968
1 0.2847481343283582 0.016791044776119403 0.05457089552238802 0.033582089552238806
1 0.9018190298507462 0.9776119402985074 0.03777985074626855 0.04477611940298516
1 0.13992537313432837 0.44589552238805963 0.030783582089552244 0.0261194029850747
0 0.03428171641791045 0.32182835820895517 0.06296641791044777 0.1958955223880597
0 0.13852611940298507 0.28264925373134325 0.22388059701492538 0.34514925373134325
0 0.4309701492537314 0.4207089552238806 0.22667910447761191 0.15485074626865675
0 0.7101212686567164 0.34888059701492535 0.19169776119402976 0.24626865671641793
0 0.8031716417910448 0.36007462686567165 0.15391791044776126 0.19029850746268656
0 0.9316697761194029 0.2957089552238806 0.13666044776119407 0.34888059701492535
