1 0.29522613065326636 0.321608040201005 0.07286432160804018 0.07705192629815748
0 0.30402010050251255 0.3953098827470687 0.04522613065326635 0.17755443886097158
0 0.16708542713567842 0.3936348408710218 0.15326633165829145 0.17420435510887775
1 0.42211055276381915 0.2252931323283082 0.050251256281407065 0.03517587939698494
1 0.5194723618090452 0.2747068676716918 0.03140703517587937 0.04020100502512562
1 0.48743718592964824 0.3894472361809045 0.03517587939698501 0.0318257956448911
1 0.5879396984924623 0.4011725293132328 0.050251256281406996 0.07202680067001672
0 0.657035175879397 0.4489112227805695 0.17336683417085433 0.0971524288107203
0 0.8473618090452262 0.45644891122278053 0.114321608040201 0.08877721943048578
1 0.885678391959799 0.7721943048576214 0.017587939698492504 0.026800670016750416
1 0.46733668341708545 0.7345058626465663 0.04522613065326638 0.06197654941373543
1 0.535175879396985 0.7035175879396985 0.03517587939698487 0.050251256281406996
1 0.22801507537688445 0.7043551088777218 0.023869346733668344 0.041876046901172546
1 0.19912060301507536 0.4991624790619765 0.028894472361809066 0.036850921273031856
1 0.8121859296482412 0.3316582914572864 0.033919597989949896 0.05695142378559463
1 0.2035175879396985 0.9664991624790619 0.03015075376884418 0.03350083752093795
