1 0.08793969849246232 0.3785594639865997 0.06532663316582914 0.06365159128978227
1 0.4748743718592965 0.47654941373534343 0.0527638190954773 0.05862646566164159
1 0.39824120603015073 0.4204355108877722 0.025125628140703498 0.030150753768844255
1 0.5571608040201005 0.41708542713567837 0.04145728643216074 0.04020100502512562
1 0.6187185929648241 0.2797319932998325 0.056532663316583014 0.0971524288107203
1 0.7763819095477388 0.2646566164154104 0.04020100502512562 0.05025125628140703
1 0.8329145728643216 0.28726968174204354 0.037688442211055245 0.055276381909547784
1 0.8115577889447236 0.33500837520938037 0.03768844221105506 0.046901172529313244
1 0.9277638190954773 0.4154103852596315 0.023869346733668237 0.036850921273031786
1 0.707286432160804 0.33333333333333326 0.04773869346733676 0.050251256281407065
1 0.5364321608040201 0.1943048576214405 0.02261306532663326 0.03015075376884422
0 0.6193467336683418 0.3601340033500838 0.12311557788944733 0.254606365159129
0 0.7342964824120602 0.3417085427135679 0.09170854271356788 0.2646566164154104
0 0.8542713567839196 0.40619765494137355 0.05527638190954775 0.1222780569514238
1 0.4736180904522614 0.9296482412060301 0.050251256281407065 0.05360134003350083
0 0.3103015075376885 0.21691792294807366 0.04773869346733669 0.41373534338358453
0 0.1915829145728643 0.22864321608040203 0.08919597989949749 0.39698492462311563
