1 0.18120335820895522 0.5046641791044777 0.04337686567164182 0.0578358208955224
1 0.34071828358208955 0.5690298507462687 0.06296641791044777 0.04104477611940304
1 0.051772388059701496 0.8983208955223881 0.03917910447761194 0.0578358208955224
1 0.8346548507462687 0.6809701492537313 0.05177238805970148 0.07462686567164184
1 0.7115205223880596 0.6091417910447761 0.048973880597014983 0.05410447761194021
1 0.7660914179104478 0.605410447761194 0.03498134328358205 0.03917910447761194
1 0.47084888059701496 0.4421641791044776 0.05177238805970155 0.07089552238805964
1 0.4778451492537314 0.605410447761194 0.06296641791044777 0.05410447761194035
1 0.5506063432835822 0.5242537313432836 0.029384328358208974 0.04104477611940304
0 0.08185634328358209 0.4748134328358209 0.15811567164179102 0.18470149253731344
0 0.2693563432835821 0.5466417910447761 0.1273320895522388 0.3059701492537314
0 0.44496268656716426 0.5531716417910448 0.3050373134328359 0.1958955223880597
0 0.6191697761194029 0.5475746268656717 0.11613805970149257 0.23694029850746268
0 0.7632929104477613 0.48507462686567165 0.10494402985074629 0.14925373134328346
0 0.9323694029850746 0.4832089552238806 0.13526119402985073 0.20895522388059695
