1 0.3308457711442786 0.4598880597014926 0.04975124378109452 0.042910447761193994
1 0.47636815920398007 0.4626865671641791 0.057213930348258654 0.044776119402985086
1 0.31218905472636815 0.3936567164179104 0.037313432835820885 0.022388059701492508
1 0.40049751243781095 0.7891791044776119 0.0696517412935323 0.11940298507462685
0 0.45646766169154235 0.7630597014925374 0.11691542288557216 0.10074626865671647
0 0.4838308457711443 0.582089552238806 0.11194029850746276 0.08955223880597017
1 0.4577114427860697 0.6707089552238805 0.044776119402985086 0.027985074626865582
1 0.36442786069651745 0.045708955223880604 0.03233830845771145 0.04291044776119403
0 0.44527363184079605 0.08302238805970148 0.09950248756218912 0.09514925373134328
0 0.4577114427860697 0.2294776119402985 0.07462686567164184 0.08582089552238806
1 0.777363184079602 0.20242537313432837 0.09203980099502473 0.0876865671641791
0 0.44527363184079605 0.39552238805970147 0.10447761194029852 0.0671641791044776
1 0.30223880597014924 0.9580223880597015 0.03731343283582092 0.03917910447761201
1 0.30597014925373134 0.558768656716418 0.03980099502487569 0.046641791044776185
