1 0.4890391791044777 0.31529850746268656 0.029384328358209047 0.041044776119402965
1 0.3875932835820896 0.5102611940298507 0.03917910447761194 0.08395522388059704
1 0.30923507462686567 0.6716417910447761 0.027985074626865655 0.029850746268656678
1 0.3819962686567165 0.7089552238805971 0.10074626865671639 0.11940298507462685
1 0.6611473880597015 0.6277985074626866 0.03498134328358219 0.06156716417910459
1 0.84375 0.6324626865671642 0.0671641791044776 0.11567164179104487
1 0.9228078358208955 0.601679104477612 0.046175373134328485 0.0578358208955224
0 0.17490671641791045 0.5708955223880597 0.34421641791044777 0.26492537313432835
0 0.4757462686567165 0.5960820895522388 0.19869402985074622 0.3190298507462687
0 0.6282649253731344 0.5792910447761195 0.18470149253731344 0.2929104477611941
0 0.7723880597014926 0.5736940298507462 0.20429104477611928 0.2854477611940298
0 0.8983208955223881 0.5727611940298507 0.1763059701492537 0.30223880597014924
