1 0.4079773869346734 0.32663316582914576 0.04711055276381906 0.07370184254606364
1 0.21812185929648245 0.3425460636515913 0.03674623115577891 0.06532663316582912
1 0.8107726130653268 0.4296482412060301 0.05370603015075389 0.11557788944723618
1 0.8918027638190955 0.5376884422110553 0.055590452261306635 0.09380234505862653
1 0.9247801507537691 0.9128978224455611 0.03674623115577887 0.06700167504187604
1 0.9685929648241207 0.37688442211055273 0.04899497487437188 0.09045226130653262
1 0.2812499999999999 0.8182579564489114 0.04239949748743735 0.07202680067001668
1 0.0998743718592965 0.35175879396984927 0.12814070351758797 0.15410385259631496
0 0.11730527638190956 0.4422110552763819 0.09139447236180906 0.2512562814070352
1 0.6652010050251256 0.024288107202680063 0.10552763819095475 0.04857621440536013
0 0.2652324120603015 0.6080402010050251 0.08385678391959804 0.27470686767169183
