0 0.46316455138169216 0.4228001810594098 0.1441582914572865 0.26465661641541044
0 0.715015215770628 0.43531959304130036 0.22047738693467345 0.3031825795644891
0 0.9010955690664362 0.4340383941759788 0.1196608040201005 0.2294807370184255
0 0.2412060301507538 0.4296482412060302 0.12814070351758794 0.20268006700167504
1 0.21529522613065327 0.3525963149078727 0.057474874371859316 0.10887772194304858
1 0.357569095477387 0.4581239530988275 0.06124371859296481 0.11557788944723618
1 0.12107412060301509 0.3618090452261306 0.06501256281407036 0.1038525963149079
0 0.05888819095477388 0.5385259631490787 0.11589195979899498 0.20603015075376874
1 0.3585113065326634 0.14656616415410384 0.11589195979899493 0.1323283082077052
1 0.6505967336683418 0.020938023450586273 0.04051507537688451 0.041876046901172546
1 0.8809673366834171 0.6917922948073703 0.04711055276381899 0.08040201005025124
1 0.9309045226130653 0.04020100502512562 0.02638190954773876 0.05025125628140704
1 0.12519833209923917 0.1518501058067615 0.018721245921381566 0.04784318402130841
1 0.06523184125731393 0.2854990003010689 0.022816518466683918 0.017681176703527146
1 0.04592555640088913 0.380145299125831 0.014625973376079342 0.03640242262490858
1 0.5262425220713347 0.18565235538703384 0.023986596336770125 0.05096339167487218
1 0.7336388245441399 0.007800519133908981 0.01872124592138178 0.015601038267817962
1 0.7917261391246302 0.6011600079199189 0.015211012311122403 0.039522630278472096
1 0.8455497211486022 0.7197278987553355 0.01872124592138164 0.0249616612285088
1 0.8786044209785415 0.6354822921091184 0.009945661895733622 0.01872124592138164
1 0.7063104546083268 0.8595906555896383 0.01755116805129518 0.0228815227927997
1 0.7042628183356757 0.81174747156833 0.011115739765820365 0.031202076535635826
1 0.5416219943936735 0.7514234569327672 0.00877558402564759 0.0208013843570906
1 0.12987864357958454 0.9412360891912189 0.021061401661554253 0.028081868882072314
1 0.05031334841371294 0.6900593730793498 0.07371490581543988 0.054083599328435525
1 0.29105687018397897 0.7805453950326942 0.04621807586841076 0.035362353407054174
1 0.6529034515081819 0.6744583348115318 0.010530700830777277 0.012480830614254187
1 0.9297953277948191 0.4243216879175173 0.01872124592138164 0.04680311480345395
1 0.8209780858767889 0.41808127261039013 0.024571635271813223 0.04056269949632665
1 0.4600090629551508 0.41496106495682644 0.01755116805129518 0.015601038267817984
1 0.7428753880485252 0.7831455680773304 0.00877558402564759 0.019761315139236048
