1 0.4869402985074627 0.42723880597014924 0.04197761194029852 0.0335820895522388
1 0.48973880597014924 0.5121268656716418 0.030783582089552227 0.050373134328358236
1 0.8031716417910448 0.4934701492537313 0.05876865671641781 0.07649253731343286
1 0.9381996268656717 0.5783582089552239 0.05177238805970148 0.05597014925373131
1 0.1707089552238806 0.7210820895522388 0.07835820895522388 0.08022388059701498
1 0.04617537313432836 0.6539179104477612 0.08395522388059701 0.05037313432835816
1 0.3777985074626866 0.855410447761194 0.027985074626865655 0.03917910447761201
1 0.5827891791044776 0.6371268656716418 0.03777985074626862 0.04664179104477604
0 0.0832555970149254 0.5373134328358209 0.16091417910447764 0.2238805970149253
0 0.21688432835820898 0.5167910447761195 0.19029850746268653 0.20895522388059704
0 0.42817164179104483 0.5083955223880596 0.21828358208955226 0.15111940298507462
0 0.6177705223880597 0.4645522388059702 0.09375000000000007 0.1343283582089552
0 0.7884794776119404 0.45802238805970147 0.13013059701492538 0.1511194029850747
0 0.9428638059701493 0.43843283582089554 0.11427238805970148 0.15298507462686572
