1 0.03987873134328359 0.6921641791044776 0.07136194029850747 0.08582089552238813
1 0.3533115671641791 0.5 0.026585820895522333 0.044776119402985086
1 0.38339552238805974 0.582089552238806 0.03917910447761187 0.044776119402985086
1 0.654151119402985 0.4776119402985074 0.043376865671641764 0.059701492537313425
1 0.6324626865671642 0.6455223880597015 0.061567164179104523 0.08955223880597017
1 0.5673973880597015 0.6100746268656717 0.020988805970149328 0.029850746268656678
1 0.9361007462686567 0.642723880597015 0.036380597014925374 0.031716417910447776
1 0.7199160447761195 0.27332089552238803 0.032182835820895546 0.027985074626865655
0 0.04897388059701492 0.5111940298507462 0.09235074626865672 0.20149253731343278
0 0.13642723880597019 0.6380597014925374 0.2504664179104478 0.3656716417910449
0 0.36730410447761197 0.5326492537313433 0.1469216417910448 0.15111940298507462
0 0.5030317164179104 0.5065298507462687 0.19169776119402981 0.1809701492537313
0 0.7066231343283582 0.498134328358209 0.17630597014925387 0.17164179104477612
0 0.8325559701492539 0.5251865671641791 0.15671641791044777 0.23694029850746262
0 0.9505597014925374 0.49720149253731344 0.08208955223880593 0.23320895522388058
