1 0.37939698492462315 0.2780569514237856 0.050251256281407065 0.06365159128978223
1 0.32914572864321606 0.3500837520938023 0.025125628140703498 0.04020100502512562
1 0.10552763819095479 0.3525963149078727 0.07537688442211056 0.06532663316582912
0 0.16708542713567837 0.423785594639866 0.19597989949748743 0.07035175879396988
0 0.20540201005025124 0.29731993299832493 0.12939698492462315 0.21943048576214413
0 0.375 0.4170854271356779 0.15452261306532672 0.12395309882747059
0 0.4610552763819096 0.5125628140703518 0.2035175879396985 0.1038525963149079
1 0.6287688442211056 0.3425460636515913 0.041457286432160886 0.05862646566164156
1 0.6469849246231155 0.5737018425460636 0.027638190954773875 0.038525963149078704
0 0.7003768844221105 0.4480737018425461 0.15452261306532664 0.14237855946398648
0 0.928391959798995 0.47571189279731996 0.13819095477386953 0.1440536013400336
1 0.49120603015075376 0.7847571189279731 0.03266331658291456 0.03182579564489103
1 0.07977386934673367 0.6934673366834171 0.054020100502512575 0.050251256281406996
1 0.8636934673366835 0.9614740368509211 0.036432160804020126 0.06700167504187604
1 0.6105527638190954 0.8492462311557789 0.022613065326633118 0.04690117252931316
