1 0.36730410447761197 0.3610074626865672 0.040578358208955195 0.08022388059701491
1 0.3819962686567165 0.4934701492537314 0.050373134328358236 0.042910447761194064
1 0.6142723880597015 0.0876865671641791 0.04197761194029859 0.07089552238805971
1 0.7520988805970148 0.36007462686567165 0.029384328358209047 0.07089552238805971
1 0.5275186567164178 0.3087686567164179 0.030783582089552227 0.050373134328358236
1 0.05247201492537313 0.2332089552238806 0.06296641791044776 0.059701492537313425
0 0.09375 0.32742537313432835 0.1875 0.3152985074626866
0 0.2511660447761194 0.27611940298507465 0.15251865671641796 0.3283582089552239
0 0.43796641791044777 0.33395522388059695 0.09794776119402984 0.2350746268656716
0 0.5848880597014926 0.34048507462686567 0.16511194029850743 0.31902985074626866
0 0.8017723880597015 0.46548507462686567 0.12873134328358218 0.15858208955223888
0 0.9561567164179103 0.4533582089552239 0.08768656716417908 0.1791044776119402
