0 0.33355808546585747 0.33618508352073045 0.17054020100502512 0.33668341708542715
0 0.5266959798994976 0.39447236180904527 0.21105527638190963 0.2931323283082077
0 0.7462311557788945 0.3073701842546064 0.09233668341708551 0.30318257956448913
0 0.9428391959798995 0.31183695833087965 0.114321608040201 0.26856503893981626
1 0.7702575376884423 0.06030150753768844 0.11777638190954776 0.12060301507537688
1 0.12625628140703518 0.9279731993299832 0.09422110552763818 0.1440536013400336
0 0.15159741839011073 0.3647813602372615 0.1469849246231156 0.24958123953098832
1 0.37358668341708545 0.09212730318257957 0.07631909547738687 0.09380234505862646
1 0.5606155778894473 0.27303182579564483 0.06972361809045231 0.09715242881072025
1 0.668498743718593 0.26549413735343386 0.05747487437185925 0.10217755443886095
1 0.21105527638190957 0.04438860971524289 0.02261306532663319 0.04187604690117253
1 0.5740916552885696 0.8242283021825844 0.01989132379146781 0.018721245921381496
1 0.978061039935881 0.6390959814044779 0.012285817635906682 0.01872124592138164
1 0.04475547853080279 0.6775785424650955 0.046218075868410716 0.05824387619985373
1 0.03451729716754724 0.47580511420131644 0.012870856570949819 0.024961661228508732
1 0.5130791460328633 0.5704514130260789 0.06318420498466275 0.07488498368552626
1 0.14157942228044804 0.2943130356857009 0.014040934441036157 0.028081868882072314
1 0.32996195936435 0.22202822504481098 0.03276218036241776 0.05200346089272657
1 0.025449193674378055 0.036922457233835845 0.011115739765820304 0.021841453574945154
1 0.17112388850012827 0.06188411846234459 0.014625973376079316 0.021841453574945147
1 0.48733743289096365 0.18825252843167006 0.02106140166155427 0.02912193809992683
1 0.5335555087593744 0.06656442994268998 0.01638109018120886 0.03952263027847217
1 0.5262425220713347 0.025481695837436008 0.011115739765820365 0.019761315139236086
1 0.8262434362921774 0.3759850222544129 0.04680311480345381 0.11960796005327111
1 0.44918584265685213 0.6661377810686957 0.009945661895733976 0.018721245921381496
1 0.262682481834385 0.5782519321599878 0.026911791011985996 0.04264283793203582
1 0.11057235872315982 0.5116875022172978 0.01521101231112251 0.013520899832108881
