0 0.052292713567839204 0.4321608040201005 0.083856783919598 0.23785594639866
1 0.12814070351758797 0.2663316582914573 0.07537688442211059 0.06030150753768844
1 0.19503768844221106 0.10050251256281406 0.04899497487437184 0.08040201005025127
1 0.6647298994974875 0.13065326633165827 0.04239949748743712 0.07035175879396986
1 0.3943153266331659 0.6767169179229481 0.14038944723618094 0.09045226130653256
1 0.49277638190954776 0.8040201005025125 0.15263819095477388 0.3316582914572864
0 0.17619346733668345 0.41373534338358453 0.11494974874371858 0.22445561139028478
0 0.28219221105527637 0.41959798994974873 0.06689698492462309 0.14572864321608037
0 0.40467964824120606 0.4296482412060301 0.0876256281407035 0.1624790619765494
0 0.5657977386934674 0.37269681742043553 0.0876256281407035 0.19932998324958123
0 0.6967650753768845 0.3417085427135678 0.083856783919598 0.19095477386934673
0 0.7985238693467338 0.29564489112227804 0.083856783919598 0.25293132328308204
1 0.8936871859296482 0.10552763819095479 0.031092964824120627 0.04355108877721943
1 0.3170742401179961 0.2678137389052373 0.029170030911926544 0.05114745146200821
1 0.8561477927631017 0.1434970166017452 0.009590147149126552 0.029836013352838132
1 0.9902100581186 0.4909918528530088 0.019579883762800135 0.09542788036454226
1 0.7422647953672242 0.8252462075048053 0.0071926103618447715 0.017049150487336108
1 0.4479671547284037 0.980464515066594 0.03316592555739604 0.03480868224497783
1 0.24437632254173822 0.8376778797351544 0.020778652156440848 0.094480708950654
1 0.10788915542767352 0.6501372243744578 0.012786862865502045 0.02486334446069847
1 0.6477345220305881 0.2768318668288286 0.057540882894759234 0.1037156654646277
