1 0.22597947761194032 0.6492537313432836 0.03498134328358212 0.05223880597014926
1 0.2728544776119403 0.6343283582089552 0.050373134328358236 0.048507462686567276
1 0.3708022388059702 0.7136194029850746 0.061567164179104454 0.07649253731343293
1 0.28194962686567165 0.4440298507462687 0.026585820895522402 0.03731343283582085
1 0.6842350746268657 0.45522388059701496 0.025186567164179222 0.04104477611940304
1 0.9472947761194029 0.5373134328358209 0.050373134328358306 0.07089552238805964
1 0.7402052238805971 0.6455223880597015 0.027985074626865725 0.04477611940298516
1 0.030783582089552234 0.5736940298507462 0.030783582089552234 0.03544776119402982
0 0.05527052238805971 0.5886194029850746 0.09375000000000001 0.24813432835820898
0 0.20009328358208955 0.5457089552238805 0.10074626865671642 0.16231343283582092
0 0.35191231343283585 0.5522388059701493 0.1469216417910448 0.1753731343283583
0 0.5016324626865672 0.5158582089552239 0.16930970149253732 0.15858208955223888
0 0.6625466417910448 0.49160447761194026 0.21408582089552242 0.08768656716417908
0 0.8332555970149255 0.48973880597014924 0.11054104477611944 0.10634328358208954
0 0.9533582089552239 0.4841417910447761 0.09328358208955223 0.11753731343283576
