1 0.19309701492537315 0.6212686567164178 0.04197761194029852 0.0671641791044776
1 0.26166044776119407 0.7005597014925374 0.05597014925373138 0.0578358208955224
1 0.3966884328358209 0.6175373134328358 0.07136194029850743 0.10074626865671647
1 0.4708488805970149 0.5755597014925373 0.04617537313432834 0.057835820895522264
1 0.3973880597014926 0.4151119402985074 0.06996268656716417 0.0988805970149253
1 0.601679104477612 0.8908582089552239 0.04757462686567159 0.05410447761194035
1 0.6583488805970148 0.8152985074626866 0.03218283582089541 0.041044776119402826
1 0.554804104477612 0.5261194029850746 0.03498134328358212 0.03731343283582092
0 0.046875 0.5727611940298507 0.09375 0.3171641791044777
0 0.18819962686567165 0.5522388059701493 0.21408582089552242 0.2985074626865673
0 0.3610074626865672 0.519589552238806 0.16511194029850748 0.17723880597014932
0 0.5310167910447761 0.5382462686567164 0.1805037313432836 0.375
0 0.6884328358208955 0.48600746268656714 0.1986940298507463 0.18470149253731336
0 0.8738339552238807 0.480410447761194 0.2196828358208954 0.2481343283582089
