1 0.27955167035366946 0.4981089650584464 0.04183914808187545 0.042548286184958005
1 0.296925553879194 0.7094321197770713 0.03262035274180114 0.054840013305057056
1 0.5217223325563891 0.7463073011373683 0.05673104824661067 0.056731048246610814
1 0.5958272643285244 0.7231421231033357 0.03616604325721433 0.05767656571738769
1 0.3848586786614405 0.3406803061741015 0.07800519133908977 0.09644278201923821
0 0.25224985338498773 0.38937445591910874 0.1460824492350232 0.16168348750284012
0 0.7390731611512166 0.4971634475876695 0.1978495307600552 0.05956760065894137
1 0.5667526021021364 0.4134851514239186 0.037584319463379715 0.049166908480396
1 0.6000820929470202 0.2971865025183666 0.037584319463379645 0.049166908480396
1 0.5135672443709389 0.2593658036872928 0.030492938432553275 0.03403862894796649
1 0.5263317302264262 0.5217469018278675 0.039002595669544816 0.05956760065894144
1 0.8693063737823427 0.37831190151102007 0.042122803323108825 0.05720380698199918
1 0.9169627249697018 0.7951475333316115 0.017933393488856666 0.032720577593703414
0 0.4064873908054611 0.3964658369499354 0.0361660432572144 0.1550648652074027
0 0.059958885335769756 0.2855438771486756 0.11991777067153951 0.24770317002121162
