1 0.3141324626865672 0.4319029850746269 0.032182835820895546 0.05410447761194035
1 0.009794776119402986 0.7257462686567163 0.016791044776119403 0.09701492537313428
1 0.6394589552238805 0.5102611940298507 0.06436567164179102 0.06902985074626862
1 0.7737873134328359 0.6026119402985075 0.05597014925373131 0.06343283582089555
1 0.7709888059701493 0.4421641791044776 0.04197761194029852 0.04850746268656721
1 0.9060167910447763 0.39832089552238803 0.06856343283582092 0.06902985074626855
1 0.9465951492537314 0.5886194029850746 0.057369402985074626 0.04664179104477604
1 0.4197761194029851 0.6501865671641791 0.036380597014925374 0.05037313432835816
0 0.07346082089552239 0.45242537313432835 0.14132462686567165 0.1697761194029851
0 0.21758395522388063 0.45802238805970147 0.22248134328358213 0.2294776119402985
0 0.4372667910447761 0.46361940298507465 0.0601679104477612 0.16231343283582092
0 0.5939832089552239 0.47667910447761186 0.1161380597014925 0.20335820895522383
0 0.845848880597015 0.45522388059701496 0.2700559701492537 0.22761194029850748
