1 0.019589552238805975 0.35727611940298504 0.03917910447761195 0.09141791044776121
1 0.1840018656716418 0.29011194029850745 0.04337686567164184 0.042910447761193994
1 0.23787313432835824 0.2751865671641791 0.04757462686567166 0.06529850746268653
1 0.5499067164179104 0.39365671641791045 0.03917910447761201 0.06343283582089555
1 0.5638992537313433 0.5065298507462687 0.04197761194029859 0.061567164179104454
1 0.7604944029850746 0.10634328358208955 0.04337686567164184 0.055970149253731345
1 0.9018190298507462 0.3628731343283582 0.03777985074626855 0.06902985074626869
1 0.6947294776119404 0.3283582089552239 0.026585820895522402 0.04477611940298512
0 0.2749533582089552 0.34421641791044777 0.15811567164179102 0.28544776119402987
0 0.4659514925373135 0.3302238805970149 0.09514925373134325 0.2873134328358209
0 0.6387593283582089 0.37126865671641796 0.07136194029850734 0.2537313432835821
0 0.777285447761194 0.36660447761194026 0.17210820895522375 0.28917910447761186
