1 0.4145728643216081 0.7261306532663316 0.13944723618090457 0.21943048576214408
1 0.2666457286432161 0.721105527638191 0.10552763819095481 0.1792294807370184
1 0.6114949748743719 0.9514237855946399 0.16017587939698502 0.0971524288107203
0 0.19126884422110557 0.34505862646566166 0.2807788944723619 0.14405360134003348
0 0.43011934673366836 0.2261306532663317 0.07255025125628137 0.33500837520938026
1 0.515389447236181 0.10385259631490787 0.05087939698492463 0.08040201005025124
0 0.727858040201005 0.25963149078726966 0.11400753768844211 0.2747068676716918
1 0.8319723618090452 0.8433835845896147 0.06972361809045224 0.15242881072026804
1 0.5709798994974875 0.20854271356783918 0.04522613065326631 0.09882747068676713
0 0.5653266331658292 0.3232830820770519 0.08856783919597987 0.14740368509212728
1 0.4795854271356784 0.43048576214405365 0.02072864321608037 0.04020100502512562
1 0.4946608040201006 0.39195979899497485 0.02072864321608037 0.036850921273031856
1 0.7306846733668343 0.4723618090452261 0.03674623115577887 0.0569514237855946
1 0.36934673366834175 0.1222780569514238 0.026381909547738686 0.05360134003350085
1 0.11824748743718594 0.9480737018425461 0.023555276381909546 0.07705192629815741
1 0.031092964824120606 0.9614740368509211 0.024497487437185928 0.03350083752093795
1 0.13897613065326633 0.9045226130653267 0.01224874371859297 0.030150753768844255
1 0.26994346733668345 0.8484087102177554 0.014133165829145753 0.028475711892797337
1 0.7076005025125628 0.8341708542713567 0.02072864321608037 0.04355108877721932
1 0.9927763819095478 0.37632607055868533 0.014447236180904497 0.06253488818604744
0 0.958023126749344 0.2508574468287111 0.08395374650131188 0.2443238022083011
1 0.7065444701823441 0.08923793889191874 0.029602970113184596 0.029745979630639578
