1 0.15111940298507462 0.4430970149253731 0.07555970149253731 0.06902985074626862
1 0.24486940298507462 0.3880597014925374 0.055970149253731345 0.07462686567164177
1 0.0685634328358209 0.3815298507462687 0.03917910447761194 0.03917910447761194
1 0.2126865671641791 0.2042910447761194 0.04197761194029852 0.07276119402985075
1 0.2455690298507463 0.15578358208955226 0.029384328358208974 0.0541044776119403
1 0.2903451492537313 0.19123134328358207 0.037779850746268655 0.05037313432835816
1 0.3505130597014925 0.26492537313432835 0.06856343283582088 0.12686567164179105
1 0.42397388059701496 0.32276119402985076 0.053171641791044735 0.07835820895522388
1 0.49953358208955223 0.2546641791044776 0.044776119402985086 0.06156716417910449
1 0.5625 0.28638059701492535 0.061567164179104454 0.08022388059701495
1 0.5422108208955224 0.34048507462686567 0.048973880597014983 0.0652985074626866
1 0.7674906716417911 0.2854477611940298 0.040578358208955195 0.04850746268656717
1 0.798973880597015 0.3582089552238806 0.05037313432835816 0.059701492537313425
1 0.7597947761194029 0.5149253731343283 0.08115671641791039 0.09328358208955223
1 0.7828824626865672 0.5923507462686567 0.032182835820895546 0.04664179104477604
1 0.9361007462686568 0.22014925373134328 0.03917910447761187 0.044776119402985086
0 0.09165111940298509 0.36007462686567165 0.11333955223880597 0.17164179104477614
0 0.2889458955223881 0.31249999999999994 0.07695895522388063 0.24067164179104472
0 0.404384328358209 0.30876865671641796 0.11753731343283576 0.28544776119402987
0 0.5541044776119404 0.3973880597014926 0.09235074626865675 0.09328358208955223
1 0.6583488805970148 0.4188432835820896 0.029384328358209047 0.046641791044776185
0 0.7122201492537314 0.4104477611940298 0.07835820895522388 0.1343283582089552
