1 0.3267257462686567 0.22201492537313436 0.05457089552238806 0.09328358208955223
1 0.3819962686567165 0.22201492537313436 0.04197761194029845 0.037313432835820885
1 0.4351679104477612 0.2901119402985074 0.07835820895522388 0.10261194029850745
1 0.3456156716417911 0.4216417910447761 0.050373134328358236 0.07462686567164184
1 0.2560634328358209 0.47014925373134325 0.055970149253731345 0.07462686567164184
1 0.5093283582089553 0.34888059701492535 0.053171641791044805 0.05597014925373131
1 0.6128731343283582 0.31996268656716415 0.09794776119402983 0.13992537313432835
1 0.8374533582089554 0.29757462686567165 0.040578358208955195 0.04664179104477615
1 0.8696361940298507 0.3777985074626865 0.05457089552238799 0.08022388059701491
1 0.7353078358208955 0.44123134328358204 0.029384328358208905 0.046641791044776115
1 0.8346548507462687 0.5307835820895522 0.07975746268656707 0.07649253731343286
1 0.8549440298507462 0.605410447761194 0.03358208955223887 0.050373134328358236
1 0.1707089552238806 0.4132462686567164 0.0335820895522388 0.03917910447761187
0 0.07975746268656718 0.28638059701492535 0.10634328358208955 0.292910447761194
0 0.20918843283582092 0.4029850746268657 0.10494402985074629 0.16417910447761194
0 0.4064832089552239 0.36567164179104483 0.09375 0.23880597014925375
0 0.5170242537313433 0.3414179104477612 0.08815298507462678 0.291044776119403
0 0.6450559701492538 0.44123134328358204 0.08395522388059697 0.07649253731343286
0 0.7954757462686567 0.4505597014925373 0.06296641791044763 0.169776119402985
