0 0.5323492462311559 0.6289782244556114 0.07537688442211056 0.14237855946398661
0 0.5478957286432161 0.36348408710217756 0.09516331658291463 0.13400335008375208
0 0.49277638190954776 0.07872696817420435 0.103643216080402 0.06700167504187603
1 0.7815640703517588 0.4773869346733668 0.02920854271356788 0.050251256281406996
1 0.12154522613065327 0.059463986599664995 0.10552763819095479 0.11892797319932999
1 0.4682788944723618 0.5326633165829147 0.054648241206030124 0.1038525963149079
1 0.3735866834170855 0.7303182579564489 0.025439698492462314 0.036850921273031786
1 0.08856783919597991 0.7294807370184254 0.05841708542713566 0.10217755443886091
1 0.06454145728643217 0.48324958123953093 0.09516331658291458 0.07537688442211056
1 0.20116206030150752 0.3659966499162479 0.04428391959798993 0.051926298157453914
1 0.17525125628140703 0.4346733668341709 0.05653266331658292 0.06197654941373536
1 0.23084170854271358 0.8283082077051926 0.04899497487437184 0.04857621440536008
1 0.03344849246231156 0.678391959798995 0.021670854271356784 0.03350083752093809
1 0.12201633165829147 0.152428810720268 0.04239949748743719 0.046901172529313244
1 0.2708856783919597 0.5829145728643218 0.04051507537688457 0.05025125628140718
1 0.39525753768844224 0.5443886097152429 0.025439698492462314 0.0402010050251257
1 0.09045226130653267 0.9120603015075378 0.011306532663316595 0.025125628140703498
1 0.14557160804020097 0.7278056951423784 0.010364321608040199 0.04187604690117246
1 0.12814070351758797 0.6633165829145728 0.007537688442211064 0.010050251256281513
1 0.8762562814070353 0.2981574539363484 0.03391959798994961 0.05695142378559463
1 0.9857097989949749 0.22892238546655808 0.02858040201005025 0.13958681448420487
1 0.732569095477387 0.32663316582914576 0.04239949748743726 0.06700167504187611
1 0.8654208542713567 0.09045226130653265 0.01790201005025111 0.04355108877721943
1 0.7108982412060303 0.06867671691792296 0.01790201005025125 0.026800670016750426
1 0.5931218592964824 0.24790619765494135 0.010364321608040256 0.01675041876046901
1 0.6275125628140704 0.830820770519263 0.015075376884422056 0.02345058626465658
1 0.15358040201005024 0.9489112227805695 0.011306532663316578 0.02177554438860966
1 0.34437814070351763 0.5720268006700167 0.04051507537688444 0.04522613065326631
1 0.7184359296482412 0.8860971524288107 0.012248743718593004 0.03350083752093795
