1 0.0685634328358209 0.7005597014925374 0.08115671641791046 0.09141791044776128
1 0.6800373134328359 0.4832089552238806 0.036380597014925374 0.05597014925373131
1 0.6527518656716418 0.6641791044776119 0.07695895522388063 0.08955223880597017
1 0.40928171641791045 0.5886194029850746 0.03777985074626869 0.03917910447761194
1 0.9186100746268657 0.5811567164179104 0.046175373134328485 0.061567164179104454
1 0.9612873134328359 0.6604477611940298 0.03638059701492523 0.037313432835820774
1 0.384794776119403 0.5130597014925374 0.022388059701492508 0.04104477611940304
1 0.744402985074627 0.29384328358208955 0.03358208955223873 0.02425373134328357
0 0.06226679104477613 0.5151119374517185 0.09934701492537316 0.23470149823089145
0 0.17700559701492538 0.6277985074626866 0.2308768656716418 0.36753731343283574
0 0.40298507462686567 0.5270522388059702 0.1315298507462687 0.18470149253731344
0 0.5401119402985075 0.48041044776119407 0.20149253731343278 0.2593283582089551
0 0.763992537313433 0.5382462686567164 0.17630597014925387 0.25559701492537307
0 0.9120802238805971 0.4757462686567163 0.1450559701492537 0.3283582089552237
