1 0.09794776119402986 0.04664179104477612 0.05317164179104478 0.06343283582089553
1 0.5960820895522388 0.5792910447761195 0.027985074626865725 0.020522388059701482
1 0.9430970149253731 0.5261194029850746 0.04197761194029852 0.022388059701492508
1 0.7059235074626866 0.1259328358208955 0.015391791044776114 0.027985074626865655
1 0.40228544776119407 0.30130597014925375 0.04337686567164184 0.050373134328358236
1 0.39878731343283585 0.21082089552238806 0.036380597014925374 0.044776119402985086
0 0.17210820895522388 0.41884328358208955 0.2574626865671642 0.24067164179104483
1 0.2868470149253731 0.40951492537313433 0.05037313432835816 0.061567164179104454
0 0.46875 0.40298507462686567 0.1986940298507463 0.3171641791044776
0 0.5981809701492538 0.43843283582089554 0.2392723880597015 0.19029850746268664
0 0.7402052238805971 0.4216417910447761 0.1763059701492537 0.23134328358208958
0 0.9078824626865672 0.4347014925373135 0.1450559701492537 0.20149253731343286
