1 0.717964824120603 0.559463986599665 0.06030150753768851 0.11055276381909557
1 0.37876884422110557 0.14489112227805695 0.05653266331658287 0.09882747068676716
1 0.33872487437185933 0.3324958123953099 0.08951005025125629 0.1256281407035176
0 0.28548994974874375 0.4840871021775544 0.19786432160804027 0.14740368509212723
0 0.46592336683417107 0.3860971524288106 0.0650125628140702 0.2629815745393636
0 0.05700376884422112 0.5092127303182579 0.10835427135678394 0.17085427135678388
1 0.14557160804020103 0.7738693467336684 0.22141959798994976 0.18425460636515908
0 0.9218826859490096 0.3803657826063699 0.153894472361809 0.23897264950239483
1 0.6444723618090452 0.09128978224455611 0.02261306532663319 0.05862646566164153
1 0.15883807086422164 0.9360357431019463 0.0801503341009148 0.12792851379610723
1 0.5987873500166881 0.1398893098014344 0.012285817635906754 0.04680311480345388
1 0.6268692188987606 0.24181609315117844 0.007605506155561343 0.028081868882072314
1 0.7958214116699324 0.0603240146355628 0.05850389350431755 0.03952263027847217
1 0.9806937151435753 0.4493099021131573 0.02457163527181308 0.033282214971345
