1 0.20499067164179102 0.42910447761194026 0.04057835820895523 0.05223880597014926
1 0.1875 0.5186567164179106 0.03638059701492541 0.05597014925373138
1 0.32042910447761197 0.6473880597014926 0.03917910447761198 0.04477611940298516
1 0.5380130597014926 0.49626865671641796 0.0601679104477612 0.09701492537313434
1 0.6618470149253731 0.4505597014925374 0.03917910447761187 0.050373134328358236
1 0.6744402985074628 0.5904850746268656 0.04477611940298516 0.06902985074626869
1 0.7947761194029852 0.4001865671641791 0.05317164179104495 0.06902985074626862
1 0.8395522388059702 0.5811567164179103 0.04197761194029852 0.05783582089552233
0 0.10564365671641791 0.45802238805970147 0.21128731343283583 0.18470149253731344
0 0.31343283582089554 0.457089552238806 0.06996268656716424 0.15298507462686572
0 0.4890391791044776 0.4748134328358209 0.1273320895522388 0.21828358208955223
0 0.6821361940298507 0.45708955223880593 0.16371268656716423 0.1604477611940299
0 0.796875 0.439365671641791 0.10494402985074643 0.20708955223880593
0 0.9400652985074628 0.4598880597014926 0.11986940298507448 0.18470149253731344
