1 0.6163712686567164 0.2611940298507463 0.08255597014925378 0.10447761194029855
1 0.6975279850746269 0.2630597014925373 0.046175373134328485 0.07089552238805968
1 0.9032182835820897 0.269589552238806 0.03777985074626855 0.050373134328358195
1 0.9869402985074628 0.22201492537313436 0.026119402985074487 0.07089552238805971
1 0.9869402985074628 0.43376865671641796 0.026119402985074487 0.050373134328358236
0 0.058768656716417914 0.3190298507462687 0.11473880597014925 0.25000000000000006
0 0.14412313432835822 0.23041044776119401 0.10074626865671643 0.38246268656716415
0 0.3260261194029851 0.22854477611940296 0.08675373134328353 0.34888059701492535
0 0.4176772388059702 0.3069029850746269 0.08815298507462685 0.2966417910447761
0 0.7122201492537314 0.3563432835820896 0.207089552238806 0.2649253731343284
0 0.8675373134328359 0.353544776119403 0.09235074626865668 0.3115671641791045
