1 0.04547574626865671 0.6902985074626866 0.029384328358208953 0.044776119402985017
1 0.1182369402985075 0.7313432835820897 0.09654850746268659 0.09328358208955237
1 0.2021921641791045 0.3283582089552239 0.03498134328358212 0.02611940298507463
1 0.412080223880597 0.6296641791044776 0.04617537313432834 0.05410447761194028
1 0.4757462686567165 0.7061567164179103 0.0671641791044776 0.03917910447761201
1 0.6030783582089552 0.628731343283582 0.06996268656716417 0.10820895522388063
1 0.6723414179104478 0.580223880597015 0.04337686567164184 0.05597014925373138
1 0.6135727611940298 0.4328358208955224 0.05457089552238806 0.10447761194029852
1 0.7863805970149254 0.8917910447761193 0.04197761194029852 0.0671641791044776
1 0.18470149253731344 0.5652985074626865 0.030783582089552227 0.044776119402985086
1 0.2693563432835821 0.5876865671641791 0.03218283582089551 0.03358208955223873
1 0.1958955223880597 0.23694029850746268 0.019589552238806006 0.02611940298507463
0 0.1357276119402985 0.605410447761194 0.21828358208955223 0.40858208955223874
0 0.30013992537313433 0.5867537313432836 0.11333955223880593 0.2630597014925373
0 0.4596548507462687 0.5736940298507462 0.21688432835820898 0.29664179104477606
0 0.6324626865671642 0.5569029850746269 0.18470149253731344 0.25932835820895517
0 0.7674906716417911 0.5401119402985074 0.1888992537313433 0.292910447761194
0 0.8899253731343285 0.49626865671641796 0.1902985074626865 0.18656716417910452
