1 0.12453358208955226 0.3404850746268657 0.05597014925373136 0.08022388059701491
1 0.26655783582089554 0.125 0.032182835820895546 0.037313432835820885
1 0.2609608208955224 0.21268656716417908 0.029384328358208974 0.04850746268656717
1 0.46525186567164184 0.5251865671641791 0.026585820895522333 0.03917910447761194
1 0.5163246268656717 0.5373134328358209 0.013992537313432862 0.01865671641791046
0 0.07555970149253732 0.33582089552238803 0.13152985074626866 0.23880597014925375
0 0.29244402985074625 0.3190298507462687 0.18470149253731344 0.3022388059701493
0 0.44916044776119407 0.33582089552238803 0.19029850746268656 0.2686567164179105
0 0.6324626865671642 0.3694029850746269 0.1343283582089552 0.22388059701492533
0 0.7653917910447761 0.3731343283582089 0.12313432835820891 0.1791044776119403
0 0.920009328358209 0.32742537313432835 0.10494402985074629 0.3152985074626866
