1 0.028684701492537313 0.3638059701492537 0.04897388059701493 0.06716417910447767
1 0.19939365671641793 0.5354477611940298 0.0601679104477612 0.044776119402985086
1 0.33652052238805974 0.4151119402985074 0.037779850746268655 0.042910447761193994
1 0.41138059701492535 0.4748134328358209 0.06996268656716417 0.07276119402985066
1 0.4911380597014926 0.4085820895522388 0.05597014925373138 0.06343283582089555
1 0.4890391791044776 0.1865671641791045 0.03777985074626862 0.05223880597014926
1 0.5261194029850746 0.2210820895522388 0.036380597014925374 0.050373134328358195
1 0.5834888059701493 0.2863805970149254 0.06716417910447767 0.12873134328358213
1 0.6506529850746269 0.33208955223880593 0.061567164179104454 0.07462686567164177
1 0.7479011194029852 0.29944029850746273 0.10214552238805964 0.12873134328358213
1 0.871035447761194 0.41138059701492535 0.03498134328358205 0.042910447761193994
1 0.9556902985074628 0.2723880597014925 0.04477611940298516 0.052238805970149224
1 0.9813432835820897 0.3451492537313433 0.03731343283582092 0.055970149253731345
1 0.9617537313432837 0.5242537313432836 0.07649253731343279 0.12313432835820898
1 0.3197294776119403 0.20149253731343283 0.040578358208955265 0.044776119402985086
0 0.17140858208955223 0.24067164179104478 0.24486940298507462 0.3694029850746269
0 0.3917910447761194 0.38339552238805974 0.1203358208955224 0.19216417910447764
0 0.5415111940298508 0.33582089552238803 0.10074626865671647 0.22388059701492538
0 0.6884328358208955 0.32742537313432835 0.1203358208955224 0.24813432835820898
0 0.7940764925373135 0.41697761194029853 0.06856343283582078 0.09141791044776121
0 0.9486940298507462 0.40485074626865675 0.0699626865671641 0.1753731343283582
