1 0.06646455223880597 0.3162313432835821 0.057369402985074626 0.08022388059701491
1 0.08395522388059704 0.4514925373134328 0.05317164179104479 0.059701492537313425
1 0.26236007462686567 0.24253731343283583 0.043376865671641805 0.059701492537313425
1 0.5107276119402985 0.2770522388059702 0.03917910447761187 0.07276119402985078
1 0.2308768656716418 0.43656716417910446 0.0335820895522388 0.03731343283582092
0 0.08395522388059701 0.2798507462686567 0.14272388059701493 0.28731343283582084
0 0.24626865671641796 0.2742537313432836 0.207089552238806 0.3619402985074627
0 0.4953358208955224 0.35820895522388063 0.2854477611940298 0.2350746268656717
0 0.8435167910447761 0.333955223880597 0.24580223880597005 0.30223880597014924
0 0.9172108208955224 0.3498134328358209 0.1469216417910448 0.19216417910447764
1 0.08885261194029852 0.9319029850746269 0.04057835820895522 0.057835820895522264
