1 0.35191231343283585 0.21361940298507462 0.02098880597014926 0.03917910447761194
1 0.4330690298507463 0.3414179104477612 0.026585820895522402 0.02611940298507463
1 0.24696828358208958 0.6893656716417911 0.040578358208955265 0.046641791044776115
1 0.3148320895522388 0.7229477611940299 0.08955223880597014 0.11753731343283576
1 0.47364738805970147 0.5970149253731344 0.020988805970149328 0.041044776119402965
1 0.6030783582089552 0.6520522388059702 0.04197761194029845 0.06902985074626862
1 0.6541511194029852 0.7313432835820897 0.048973880597014914 0.044776119402985017
1 0.7856809701492538 0.6501865671641791 0.057369402985074626 0.09141791044776135
1 0.8626399253731344 0.6277985074626866 0.040578358208955195 0.0578358208955224
1 0.8185634328358211 0.4701492537313433 0.06156716417910459 0.059701492537313425
1 0.015391791044776122 0.6343283582089552 0.02238805970149254 0.05970149253731357
0 0.13083022388059704 0.5494402985074628 0.25326492537313433 0.2929104477611941
0 0.3875932835820896 0.5904850746268656 0.19589552238805968 0.36380597014925364
0 0.5506063432835822 0.5904850746268656 0.13292910447761194 0.2555970149253731
0 0.7066231343283582 0.5970149253731343 0.17350746268656722 0.2835820895522388
0 0.8521455223880597 0.5848880597014925 0.19029850746268664 0.2742537313432835
