1 0.23297574626865675 0.4104477611940298 0.057369402985074626 0.05597014925373138
1 0.3239272388059702 0.48134328358208955 0.02378731343283583 0.03731343283582092
1 0.32042910447761197 0.5960820895522388 0.03917910447761198 0.050373134328358236
1 0.1357276119402985 0.6128731343283582 0.05037313432835818 0.07649253731343286
1 0.10494402985074629 0.45615671641791045 0.04477611940298507 0.0578358208955224
0 0.1371268656716418 0.5009328358208955 0.1707089552238806 0.16231343283582092
0 0.3274253731343284 0.4468283582089553 0.1315298507462687 0.19962686567164184
0 0.611473880597015 0.4020522388059702 0.16511194029850743 0.166044776119403
0 0.7527985074626866 0.4263059701492537 0.06996268656716424 0.2257462686567164
0 0.9106809701492538 0.38432835820895517 0.17863805970149244 0.2164179104477612
