1 0.20257537688442212 0.942211055276382 0.13944723618090454 0.11557788944723611
1 0.19079773869346733 0.728643216080402 0.10458542713567837 0.1809045226130653
1 0.36981783919597994 0.7696817420435511 0.16677135678391963 0.29983249581239535
1 0.9393844221105527 0.7520938023450586 0.10364321608040186 0.1608040201005025
1 0.10270100502512561 0.6063651591289783 0.06972361809045226 0.09715242881072028
1 0.801821608040201 0.07202680067001674 0.054648241206030124 0.06700167504187604
1 0.6600188442211055 0.6549413735343385 0.17054020100502512 0.2512562814070351
0 0.8131281407035176 0.373534338358459 0.0998743718592965 0.221105527638191
0 0.9539886934673366 0.35678391959798994 0.06501256281407111 0.26800670016750416
1 0.2690012562814071 0.2470686767169179 0.10646984924623115 0.1390284757118928
1 0.4230527638190955 0.4045226130653266 0.08856783919597987 0.19262981574539367
1 0.5884108040201005 0.8819095477386935 0.031092964824120557 0.04857621440536008
1 0.32459170854271363 0.038525963149078725 0.04051507537688444 0.06700167504187605
1 0.6524811557788945 0.028475711892797316 0.031092964824120557 0.04690117252931323
1 0.6722675879396985 0.23115577889447236 0.025439698492462384 0.05025125628140703
1 0.520571608040201 0.304857621440536 0.04428391959798993 0.07705192629815752
1 0.5964195979899498 0.4480737018425461 0.05841708542713576 0.10887772194304851
1 0.680747487437186 0.44053601340033505 0.048052763819095644 0.09045226130653262
1 0.7292713567839196 0.4690117252931323 0.013190954773869237 0.06365159128978227
1 0.8211369346733669 0.4773869346733669 0.053706030150753745 0.12730318257956447
1 0.9186557788944729 0.37855946398659973 0.09987437185929657 0.15745393634840907
1 0.02496859296482412 0.9156895546457875 0.04993718592964824 0.098269131914455
1 0.06878140703517589 0.5402010050251256 0.02826633165829148 0.06867671691792289
1 0.12390075376884424 0.41289782244556106 0.031092964824120627 0.08542713567839194
1 0.035332914572864325 0.3525963149078727 0.061243718592964826 0.1490787269681742
0 0.09045226130653267 0.39530988274706863 0.12625628140703518 0.26465661641541033
1 0.2449748743718593 0.39195979899497485 0.11306532663316585 0.14740368509212726
0 0.24780150753768843 0.41038525963149075 0.08856783919597991 0.18760469011725292
