1 0.13083022388059704 0.3078358208955224 0.029384328358208957 0.04850746268656721
1 0.12943097014925375 0.2164179104477612 0.015391791044776131 0.01865671641791046
1 0.05387126865671641 0.7164179104477612 0.1021455223880597 0.10447761194029838
1 0.10984141791044777 0.5550373134328358 0.02378731343283583 0.03917910447761194
1 0.19659514925373137 0.580223880597015 0.02938432835820894 0.029850746268656678
1 0.3029384328358209 0.6455223880597015 0.03777985074626862 0.05223880597014926
1 0.5387126865671642 0.6156716417910448 0.06436567164179102 0.09701492537313441
1 0.6100746268656717 0.5718283582089552 0.036380597014925374 0.05037313432835809
1 0.5485074626865672 0.41697761194029853 0.06436567164179095 0.09141791044776121
1 0.7262126865671641 0.8833955223880597 0.03917910447761201 0.061567164179104454
1 0.4015858208955224 0.7033582089552239 0.06996268656716424 0.03358208955223887
1 0.951492537313433 0.5998134328358209 0.030783582089552227 0.03544776119402982
1 0.33442164179104483 0.6166044776119403 0.03917910447761191 0.0652985074626865
0 0.10494402985074627 0.6279850717800767 0.20988805970149255 0.3708955280816377
0 0.20499067164179102 0.5811567164179104 0.10214552238805968 0.2854477611940298
0 0.3861940298507463 0.5671641791044776 0.17070895522388066 0.2835820895522388
0 0.5387126865671642 0.5139925373134329 0.12593283582089548 0.22574626865671646
0 0.6891324626865672 0.5401119402985074 0.16091417910447753 0.35634328358208955
0 0.8367537313432837 0.48507462686567165 0.15111940298507462 0.20895522388059704
