1 0.1357276119402985 0.18003731343283583 0.05037313432835818 0.07649253731343282
1 0.2021921641791045 0.20895522388059704 0.05177238805970148 0.0746268656716418
1 0.17700559701492538 0.26399253731343286 0.05457089552238809 0.06156716417910449
1 0.032882462686567165 0.23600746268656717 0.06296641791044777 0.08022388059701491
1 0.07625932835820896 0.314365671641791 0.034981343283582086 0.04664179104477608
1 0.10984141791044777 0.396455223880597 0.04617537313432836 0.09888059701492537
1 0.4421641791044776 0.2210820895522388 0.0363805970149253 0.05410447761194028
1 0.4659514925373135 0.3069029850746269 0.050373134328358236 0.061567164179104454
1 0.40718283582089554 0.4598880597014926 0.08955223880597017 0.0839552238805971
1 0.4505597014925373 0.544776119402985 0.036380597014925374 0.05597014925373138
1 0.6247667910447761 0.1763059701492537 0.04897388059701484 0.050373134328358216
1 0.670242537313433 0.9384328358208955 0.041977611940298656 0.04850746268656707
1 0.8997201492537314 0.957089552238806 0.04197761194029837 0.05597014925373145
0 0.031483208955223885 0.30503731343283585 0.051772388059701496 0.13992537313432837
0 0.15601679104477614 0.3180970149253731 0.10774253731343282 0.1175373134328358
0 0.3099347014925373 0.3703358208955224 0.08815298507462685 0.17723880597014927
0 0.6534514925373134 0.38805970149253727 0.11753731343283576 0.1791044776119403
0 0.8059701492537314 0.3880597014925373 0.13432835820895533 0.25373134328358216
0 0.9305037313432837 0.4309701492537313 0.09514925373134332 0.18283582089552242
