1 0.06296641791044777 0.16417910447761194 0.050373134328358216 0.059701492537313425
1 0.13222947761194032 0.19123134328358207 0.0629664179104478 0.08022388059701493
1 0.10214552238805971 0.24440298507462685 0.05597014925373136 0.0746268656716418
1 0.24486940298507462 0.34328358208955223 0.04477611940298512 0.04104477611940304
1 0.3763992537313433 0.19402985074626863 0.03917910447761194 0.04477611940298505
1 0.3994869402985074 0.2826492537313433 0.0601679104477612 0.08768656716417915
1 0.31693097014925375 0.4319029850746269 0.043376865671641764 0.061567164179104454
1 0.367304104477612 0.4505597014925373 0.05177238805970155 0.08395522388059704
1 0.3875932835820896 0.5317164179104478 0.027985074626865655 0.04850746268656714
1 0.6170708955223881 0.9281716417910448 0.044776119402985086 0.05037313432835816
1 0.8514458955223881 0.941231343283582 0.03498134328358205 0.061567164179104454
0 0.07765858208955224 0.2957089552238806 0.12173507462686568 0.13246268656716417
0 0.24696828358208958 0.353544776119403 0.09654850746268658 0.16604477611940296
0 0.582089552238806 0.3684701492537314 0.11473880597014934 0.20335820895522388
0 0.761893656716418 0.37220149253731344 0.15531716417910446 0.23694029850746273
0 0.8500466417910448 0.42817164179104483 0.07416044776119407 0.14738805970149252
0 0.9561567164179103 0.4440298507462687 0.08768656716417908 0.2350746268656716
