1 0.0678391959798995 0.27554438860971525 0.07788944723618091 0.11892797319933003
1 0.050251256281407024 0.33835845896147404 0.07035175879396983 0.17755443886097155
1 0.3894472361809045 0.38358458961474035 0.050251256281407065 0.06700167504187604
0 0.3894472361809045 0.3994974874371859 0.06030150753768844 0.16582914572864318
0 0.5043969849246231 0.3785594639865997 0.051507537688442254 0.2445561139028476
1 0.579145728643216 0.3860971524288108 0.022613065326633118 0.04857621440536015
1 0.625 0.3283082077051926 0.0464824120603015 0.05695142378559463
1 0.8360552763819095 0.3877721943048576 0.041457286432160886 0.05527638190954768
1 0.85678391959799 0.6055276381909548 0.030150753768844112 0.05192629815745398
1 0.6972361809045227 0.78643216080402 0.027638190954774017 0.038525963149078704
1 0.2493718592964824 0.7278056951423786 0.059045226130653244 0.08542713567839201
1 0.3385678391959799 0.6926298157453936 0.03140703517587937 0.04857621440536008
1 0.32788944723618096 0.23869346733668345 0.03768844221105528 0.05192629815745395
1 0.22613065326633167 0.18844221105527637 0.03517587939698494 0.041876046901172505
0 0.6576633165829144 0.44472361809045224 0.14698492462311563 0.15242881072026798
0 0.7154522613065326 0.5234505862646567 0.15954773869346725 0.07872696817420433
0 0.9233668341708543 0.4840871021775544 0.1532663316582915 0.12060301507537688
1 0.23304020100502512 0.47068676716917923 0.05150753768844222 0.05360134003350076
1 0.27826633165829145 0.3626465661641541 0.033919597989949715 0.041876046901172546
