1 0.11871859296482412 0.7169179229480737 0.06155778894472363 0.06365159128978234
1 0.21670854271356782 0.6976549413735345 0.03643216080402009 0.04522613065326638
1 0.928391959798995 0.9664991624790619 0.042713567839196005 0.06700167504187604
1 0.7518844221105527 0.5971524288107203 0.03391959798994975 0.04522613065326631
1 0.5973618090452262 0.7830820770519265 0.018844221105527623 0.041876046901172546
1 0.5138190954773869 0.3149078726968174 0.042713567839196005 0.07035175879396985
1 0.7437185929648241 0.3835845896147404 0.05778894472361827 0.0536013400335009
1 0.09673366834170853 0.1675041876046901 0.032663316582914576 0.03685092127303182
1 0.1513819095477387 0.34589614740368513 0.03643216080402011 0.051926298157453914
1 0.08856783919597991 0.45979899497487436 0.041457286432160796 0.06867671691792296
1 0.2650753768844221 0.3760469011725293 0.05778894472361809 0.06867671691792303
0 0.27072864321608037 0.3936348408710218 0.08417085427135679 0.14740368509212728
0 0.3806532663316583 0.3500837520938023 0.0678391959798995 0.24790619765494137
0 0.5219849246231155 0.4455611390284757 0.13442211055276373 0.12395309882747071
0 0.6067839195979898 0.5209380234505863 0.17085427135678394 0.10720268006700166
0 0.8266331658291457 0.4958123953098827 0.135678391959799 0.14405360134003353
1 0.7814070351758794 0.13065326633165827 0.027638190954773732 0.04020100502512561
