1 0.30643656716417916 0.4841417910447761 0.07835820895522388 0.08768656716417915
1 0.4470615671641791 0.5914179104477612 0.043376865671641764 0.05597014925373131
1 0.6100746268656717 0.5718283582089552 0.036380597014925374 0.0652985074626865
1 0.5583022388059702 0.39458955223880593 0.05597014925373138 0.05783582089552233
1 0.08395522388059701 0.625 0.039179104477611935 0.05223880597014926
0 0.060167910447761194 0.4328358208955224 0.11194029850746269 0.16417910447761194
0 0.19449626865671643 0.43656716417910446 0.13152985074626866 0.17164179104477603
0 0.3917910447761194 0.45242537313432835 0.1986940298507463 0.21455223880597005
0 0.5499067164179106 0.4598880597014925 0.10074626865671639 0.2406716417910448
0 0.6912313432835822 0.44589552238805963 0.14832089552238797 0.22761194029850734
0 0.9295708955223881 0.42537313432835816 0.14085820895522388 0.14552238805970155
