1 0.42257462686567165 0.6529850746268657 0.036380597014925374 0.03731343283582085
1 0.507929104477612 0.5121268656716418 0.044776119402985017 0.08022388059701491
1 0.4869402985074627 0.6940298507462687 0.08675373134328353 0.10447761194029852
1 0.6429570895522388 0.5652985074626866 0.0237873134328359 0.041044776119402965
1 0.7667910447761195 0.6100746268656717 0.0475746268656718 0.06343283582089562
1 0.9661847014925374 0.42723880597014924 0.043376865671641694 0.07089552238805964
1 0.5862873134328359 0.3162313432835821 0.04197761194029845 0.042910447761193994
0 0.26655783582089554 0.5708955223880596 0.4015858208955224 0.21268656716417916
0 0.6002798507462687 0.5876865671641791 0.18470149253731358 0.2798507462686568
0 0.7472014925373135 0.566231343283582 0.16511194029850743 0.28917910447761186
0 0.8878264925373135 0.558768656716418 0.20289179104477598 0.28544776119403
