1 0.11966080402010051 0.9179229480737018 0.1469849246231156 0.16415410385259632
1 0.8800251256281407 0.37269681742043553 0.16959798994974876 0.15577889447236185
0 0.9456658291457287 0.518704630022672 0.10866834170854262 0.14182022069167452
0 0.6444723618090452 0.48576214405360135 0.09422110552763818 0.20435510887772196
1 0.7613065326633166 0.5569514237855947 0.07349246231155775 0.14237855946398667
1 0.7198492462311558 0.6256281407035176 0.04899497487437188 0.10552763819095475
1 0.21293969849246236 0.3350083752093802 0.04899497487437188 0.06365159128978216
1 0.06359924623115579 0.3425460636515913 0.0367462311557789 0.041876046901172546
1 0.26947236180904527 0.42462311557788945 0.06407035175879397 0.07872696817420433
1 0.42870603015075376 0.501675041876047 0.039572864321608066 0.06867671691792289
1 0.49277638190954776 0.44053601340033494 0.015075376884422056 0.03350083752093802
1 0.4079773869346734 0.3082077051926298 0.02449748743718594 0.04355108877721939
1 0.3613379396984925 0.044388609715242874 0.0348618090452262 0.04857621440536013
1 0.18938442211055279 0.6180904522613065 0.028266331658291434 0.03685092127303193
1 0.17949120603015076 0.6582914572864321 0.02167085427135678 0.03350083752093809
1 0.43059045226130654 0.7060301507537687 0.03391959798994975 0.06532663316582912
1 0.3137562814070352 0.5845896147403685 0.032035175879396964 0.043551088777219464
1 0.33354271356783927 0.6482412060301508 0.013190954773869308 0.02010050251256281
0 0.3603957286432161 0.4798994974874371 0.08574120603015079 0.2261306532663317
1 0.6689698492462313 0.696817420435511 0.018844221105527623 0.030150753768844255
1 0.8932160804020102 0.7872696817420436 0.01507537688442227 0.023450586264656723
1 0.8894472361809046 0.8232830820770519 0.020728643216080513 0.038525963149078565
1 0.9403266331658293 0.2663316582914572 0.028266331658291365 0.0536013400335008
1 0.9012248743718593 0.22194304857621439 0.02920854271356788 0.04857621440536011
1 0.9455087939698494 0.14489112227805695 0.053706030150753745 0.10217755443886097
1 0.9871231155778895 0.038525963149078725 0.025753768844220985 0.06700167504187605
0 0.030268665593303073 0.5135779021216164 0.03203517587939689 0.28310602508117394
