1 0.3421175373134328 0.41884328358208955 0.0601679104477612 0.061567164179104454
1 0.4484608208955224 0.2210820895522388 0.026585820895522402 0.03917910447761194
1 0.1553171641791045 0.06436567164179104 0.044776119402985086 0.05410447761194031
1 0.025886194029850748 0.4132462686567165 0.051772388059701496 0.06902985074626862
1 0.4498600746268657 0.3013059701492537 0.03777985074626862 0.046641791044776115
1 0.6352611940298508 0.5111940298507462 0.036380597014925374 0.02985074626865675
1 0.6513526119402985 0.5671641791044776 0.02098880597014926 0.02985074626865675
1 0.6947294776119404 0.580223880597015 0.015391791044776114 0.01865671641791046
1 0.9815764925373135 0.5214552238805971 0.018190298507462614 0.031716417910447776
0 0.027285447761194032 0.4309701492537313 0.03498134328358209 0.2350746268656716
0 0.23857276119402987 0.44776119402985076 0.27285447761194026 0.19402985074626863
0 0.5163246268656717 0.3992537313432836 0.18470149253731344 0.291044776119403
0 0.6807369402985075 0.45242537313432835 0.20848880597014932 0.24440298507462685
0 0.8150652985074629 0.4421641791044776 0.14132462686567165 0.22388059701492538
0 0.9368003731343283 0.4328358208955224 0.09095149253731336 0.23507462686567165
