1 0.14698492462311558 0.4614740368509213 0.03768844221105528 0.06532663316582912
0 0.11494974874371858 0.3743718592964824 0.17964824120603012 0.13902847571189283
1 0.35804020100502515 0.04103852596314908 0.020100502512562884 0.04522613065326633
0 0.4748743718592965 0.4891122278056952 0.16582914572864318 0.1038525963149079
0 0.3134422110552764 0.36515912897822445 0.0665829145728643 0.23115577889447236
0 0.6972361809045227 0.45644891122278053 0.22864321608040206 0.15242881072026798
1 0.9409547738693468 0.4748743718592965 0.08793969849246225 0.11222780569514242
1 0.8473618090452262 0.6080402010050251 0.028894472361808993 0.0402010050251257
1 0.846105527638191 0.78643216080402 0.028894472361809136 0.06197654941373529
0 0.910175879396985 0.5108877721943048 0.1746231155778895 0.06365159128978227
