1 0.5417713567839196 0.7571189279731994 0.11118090452261313 0.2110552763819095
1 0.7038316582914572 0.7587939698492463 0.07160804020100514 0.1273031825795644
1 0.8852072864321608 0.8986599664991624 0.08951005025125625 0.14572864321608037
1 0.5940640703517588 0.4932998324958124 0.11212311557788944 0.18927973199329984
1 0.6774497487437188 0.3442211055276382 0.11118090452261313 0.18592964824120603
0 0.5874685929648241 0.1658291457286432 0.20822864321608045 0.1675041876046901
1 0.804177135678392 0.04271356783919598 0.09516331658291463 0.08542713567839195
0 0.7839195979899497 0.1457286432160804 0.17336683417085438 0.1541038525963149
0 0.1992776381909548 0.26214405360134 0.04428391959798993 0.2562814070351759
1 0.041928391959799 0.09212730318257957 0.05559045226130655 0.08040201005025127
1 0.1160407805044311 0.38445834348942826 0.028131098304104506 0.04063380866148421
1 0.4472405081941615 0.16409807344060962 0.02241696896108323 0.03281961468812193
1 0.40724160279301286 0.4250921521509126 0.013626000741050533 0.0937703276803483
1 0.8883273386343 0.0863468434056541 0.017581936440065248 0.05391793841620032
1 0.876459531537256 0.2695896920810015 0.008790968220032766 0.021879743125414564
1 0.9600010945988515 0.20004336571807646 0.02813109830410454 0.051573680224191565
1 0.9764841600114127 0.11343604719272467 0.047031679977174716 0.09403079683828913
1 0.9738468695454029 0.3707835040360441 0.013626000741050604 0.03985238926414809
1 0.9485728359128089 0.47119589659375044 0.01758193644006539 0.045322325045501655
1 0.9158264792931874 0.5286302222979637 0.01977967849507337 0.03672671167480303
1 0.8226422161608413 0.618493452991631 0.018021484851066985 0.025786840112095817
1 0.8393450557789032 0.9789016762719216 0.06021813230722359 0.04219664745615688
1 0.2562840885852371 0.8827870903995645 0.029889291948110994 0.06563922937624384
1 0.017142388029063683 0.48582603655275647 0.02197742055008164 0.03594529227746698
0 0.03406500185262655 0.29997845456570266 0.0681300037052531 0.2310396724535851
1 0.7448421474135521 0.893726961962272 0.021537872139080035 0.04375948625082898
1 0.9613197398318563 0.8890384455782544 0.017581936440065532 0.037508131072139295
1 0.7890167627192162 0.33305854437352234 0.006153677754022766 0.01953548493340591
1 0.7758303103891673 0.3393098995522122 0.0070327745760260995 0.013284129754716005
1 0.7753907619781656 0.2814848641493307 0.0070327745760260995 0.016409807344060924
1 0.42133451691635027 0.9914043866293014 0.07076729417126287 0.017191226741397118
1 0.36001751358162254 0.880833541906224 0.01494464597405546 0.044540905648165534
1 0.267272798860278 0.5983504297691745 0.02549380783809468 0.02187974312541449
1 0.3013378007129045 0.5725635896570788 0.016263291207060392 0.032819614688122056
1 0.3224361244409828 0.5745171381504194 0.017142388029063618 0.04141522805882061
0 0.32618236483824753 0.2199571355902446 0.12416994931375953 0.25421081821682207
1 0.3364197808720947 0.36408821150763443 0.00726526299176264 0.015264390932187908
1 0.3644901151584499 0.3758300506862406 0.00792574144555914 0.015264390932187979
