1 0.05597014925373135 0.458955223880597 0.08115671641791046 0.0671641791044776
1 0.15181902985074627 0.6473880597014926 0.037779850746268655 0.05223880597014911
1 0.5485074626865672 0.5410447761194029 0.04197761194029852 0.03731343283582085
1 0.5163246268656717 0.4701492537313433 0.016791044776119365 0.02985074626865675
0 0.017490671641791047 0.5244402956606737 0.03498134328358209 0.16380597584283174
0 0.14202425373134328 0.519589552238806 0.16091417910447758 0.17723880597014932
0 0.42677238805970147 0.4748134328358209 0.18470149253731344 0.1548507462686567
0 0.5736940298507462 0.4972014925373135 0.07555970149253724 0.21082089552238806
0 0.7437033582089552 0.47108208955223885 0.22248134328358213 0.1585820895522388
0 0.9277052238805971 0.4402985074626865 0.1343283582089552 0.14179104477611937
