1 0.441542288557214 0.3246268656716418 0.03731343283582085 0.06343283582089551
1 0.42288557213930345 0.375 0.0646766169154229 0.04850746268656707
1 0.5012437810945274 0.21548507462686564 0.02736318407960205 0.04291044776119403
1 0.34452736318407956 0.15671641791044777 0.02238805970149258 0.01865671641791046
1 0.5783582089552239 0.8563432835820897 0.05223880597014919 0.02611940298507463
1 0.7736318407960198 0.8274253731343283 0.03980099502487562 0.031716417910447776
0 0.4539800995024876 0.8339552238805971 0.11691542288557216 0.08582089552238813
0 0.527363184079602 0.12779850746268656 0.11442786069651731 0.08022388059701491
0 0.48507462686567165 0.2966417910447761 0.10447761194029859 0.08955223880597017
0 0.503731343283582 0.5055970149253731 0.12189054726368162 0.059701492537313355
