1 0.13442211055276382 0.25711892797319935 0.05778894472361811 0.06197654941373536
1 0.14007537688442212 0.5092127303182579 0.041457286432160775 0.0569514237855946
1 0.135678391959799 0.819932998324958 0.025125628140703515 0.05192629815745406
1 0.4440954773869346 0.9455611390284757 0.038944723618090434 0.07202680067001666
1 0.532035175879397 0.5787269681742043 0.02386934673366831 0.03182579564489103
0 0.1099246231155779 0.35427135678391963 0.16708542713567842 0.19597989949748743
0 0.4082914572864322 0.373534338358459 0.1381909547738694 0.17420435510887772
0 0.5489949748743719 0.4296482412060301 0.11809045226130649 0.14572864321608037
0 0.6727386934673367 0.4304857621440536 0.1268844221105529 0.12730318257956455
0 0.8178391959798995 0.4279731993299833 0.17085427135678402 0.1624790619765494
