1 0.17770522388059704 0.6763059701492538 0.02518656716417908 0.03917910447761201
1 0.2560634328358209 0.7210820895522388 0.10074626865671639 0.11753731343283576
1 0.34281716417910446 0.5634328358208954 0.016791044776119365 0.029850746268656678
1 0.41907649253731344 0.5942164179104478 0.032182835820895546 0.03544776119402982
1 0.5527052238805971 0.6417910447761193 0.044776119402985086 0.06343283582089548
1 0.611473880597015 0.7294776119402985 0.044776119402985086 0.041044776119402965
1 0.7381063432835822 0.6464552238805971 0.05457089552238799 0.1100746268656718
1 0.810867537313433 0.6082089552238805 0.03777985074626869 0.07835820895522375
1 0.8843283582089552 0.9216417910447761 0.041977611940298656 0.05223880597014926
1 0.7646921641791045 0.44123134328358204 0.057369402985074626 0.1026119402985075
1 0.28964552238805974 0.20242537313432835 0.0335820895522388 0.04664179104477615
0 0.09165111940298507 0.5541044776119404 0.13292910447761194 0.3432835820895523
0 0.3120335820895523 0.5904850746268656 0.19029850746268656 0.38992537313432835
0 0.48484141791044777 0.5802238805970149 0.14412313432835816 0.3283582089552239
0 0.6303638059701493 0.5923507462686567 0.15811567164179102 0.3190298507462688
0 0.7898787313432837 0.5895522388059702 0.15251865671641796 0.3582089552238805
0 0.9207089552238807 0.5680970149253731 0.11753731343283576 0.207089552238806
