1 0.4667085427135679 0.3098827470686767 0.04648241206030157 0.060301507537688474
1 0.41520100502512564 0.3659966499162479 0.03140703517587937 0.028475711892797337
1 0.20288944723618088 0.3601340033500838 0.07663316582914571 0.050251256281406996
0 0.2462311557788945 0.4296482412060301 0.17587939698492466 0.08877721943048578
0 0.3222361809045226 0.3509212730318258 0.09170854271356788 0.2696817420435511
0 0.4704773869346734 0.44472361809045224 0.12939698492462312 0.10217755443886098
0 0.542713567839196 0.5033500837520938 0.17085427135678402 0.09212730318257954
0 0.774497487437186 0.4681742043551089 0.14195979899497488 0.1222780569514238
1 0.6928391959798995 0.37269681742043553 0.04899497487437188 0.051926298157453914
0 0.9535175879396985 0.4907872696817421 0.092964824120603 0.1306532663316583
1 0.5546482412060302 0.7805695142378559 0.02386934673366838 0.030150753768844112
1 0.6626884422110553 0.8484087102177554 0.021356783919598003 0.038525963149078565
1 0.9020100502512562 0.9631490787269681 0.04020100502512562 0.0636515912897822
1 0.7085427135678393 0.5887772194304858 0.030150753768844255 0.041876046901172546
1 0.16959798994974876 0.6943048576214406 0.04271356783919597 0.04522613065326638
1 0.08228643216080403 0.7219430485762143 0.03643216080402011 0.06700167504187604
1 0.03768844221105527 0.46482412060301503 0.05025125628140703 0.06532663316582912
1 0.034547738693467334 0.16415410385259632 0.02638190954773869 0.05695142378559463
1 0.08542713567839195 0.34505862646566166 0.04522613065326633 0.050251256281406996
