1 0.32042910447761197 0.19123134328358207 0.03917910447761198 0.03544776119402982
1 0.515625 0.14738805970149255 0.05177238805970155 0.04850746268656716
1 0.798973880597015 0.957089552238806 0.03917910447761187 0.05223880597014926
1 0.5499067164179106 0.9281716417910448 0.044776119402985086 0.05037313432835816
1 0.27285447761194037 0.4375 0.10914179104477614 0.08395522388059704
1 0.31972947761194026 0.5279850746268657 0.037779850746268655 0.059701492537313425
1 0.3372201492537314 0.27611940298507465 0.06156716417910449 0.08955223880597017
1 0.0601679104477612 0.1884328358208955 0.055970149253731345 0.08582089552238804
1 0.028684701492537313 0.23134328358208955 0.057369402985074626 0.059701492537313425
1 0.980643656716418 0.45615671641791045 0.0387126865671641 0.061567164179104454
0 0.03428171641791045 0.32089552238805974 0.0685634328358209 0.09701492537313432
0 0.16791044776119401 0.3264925373134328 0.09514925373134328 0.15671641791044777
0 0.5114272388059702 0.3582089552238806 0.11333955223880593 0.18656716417910452
0 0.6723414179104479 0.3572761194029851 0.1413246268656716 0.29664179104477617
0 0.783582089552239 0.4244402985074626 0.10914179104477613 0.14365671641791045
0 0.935867537313433 0.4197761194029851 0.12826492537313428 0.26865671641791045
