1 0.014692164179104478 0.691231343283582 0.029384328358208957 0.09888059701492523
1 0.308535447761194 0.5251865671641791 0.026585820895522333 0.03544776119402982
1 0.5932835820895523 0.6958955223880596 0.08395522388059704 0.10074626865671647
1 0.6135727611940298 0.49720149253731344 0.04617537313432827 0.07649253731343279
1 0.6912313432835822 0.3171641791044776 0.027985074626865725 0.029850746268656785
1 0.8605410447761196 0.6044776119402985 0.03917910447761201 0.0671641791044776
1 0.8997201492537314 0.6884328358208955 0.04197761194029837 0.041044776119402965
1 0.3295242537313433 0.6007462686567164 0.032182835820895546 0.04850746268656714
0 0.11124067164179106 0.6277985074626866 0.18330223880597019 0.38246268656716426
0 0.29384328358208955 0.5615671641791045 0.15671641791044774 0.16417910447761186
0 0.45195895522388063 0.5326492537313433 0.2798507462686568 0.2630597014925374
0 0.6422574626865672 0.5988805970149254 0.21268656716417916 0.3171641791044777
0 0.8248600746268657 0.5410447761194029 0.11893656716417922 0.33582089552238803
0 0.9505597014925374 0.5289179104477612 0.09888059701492537 0.22574626865671646
