1 0.14972014925373134 0.6744402985074626 0.027985074626865707 0.046641791044776115
1 0.23157649253731344 0.7220149253731344 0.11054104477611937 0.10820895522388056
1 0.3148320895522388 0.5559701492537313 0.02798507462686569 0.0261194029850747
1 0.2567630597014926 0.20335820895522388 0.020988805970149294 0.03731343283582092
1 0.39109141791044777 0.5904850746268657 0.029384328358208974 0.0354477611940299
1 0.5261194029850746 0.6389925373134328 0.053171641791044735 0.07276119402985066
1 0.7891791044776119 0.6007462686567164 0.041977611940298656 0.059701492537313425
1 0.7234141791044777 0.6427238805970148 0.05876865671641795 0.09141791044776128
1 0.7374067164179103 0.439365671641791 0.05597014925373131 0.08768656716417908
1 0.8731343283582089 0.9235074626865672 0.044776119402985017 0.05597014925373145
1 0.33582089552238803 0.31996268656716415 0.030783582089552227 0.042910447761194064
0 0.0636660447761194 0.5615671641791046 0.1189365671641791 0.2798507462686568
0 0.19729477611940296 0.628731343283582 0.3302238805970149 0.3246268656716418
0 0.44286380597014924 0.5634328358208955 0.15531716417910452 0.2723880597014926
0 0.6058768656716418 0.5680970149253731 0.1958955223880597 0.3003731343283582
0 0.7611940298507462 0.5541044776119404 0.16511194029850743 0.19776119402985082
0 0.8738339552238807 0.503731343283582 0.18330223880597019 0.20149253731343278
