1 0.37010261194029853 0.16138059701492538 0.06576492537313434 0.06529850746268656
1 0.47854477611940305 0.2164179104477612 0.013992537313432791 0.05597014925373138
1 0.17000932835820898 0.292910447761194 0.060167910447761166 0.08955223880597014
1 0.15741604477611942 0.20055970149253732 0.037779850746268655 0.03917910447761194
1 0.1021455223880597 0.46361940298507465 0.11194029850746269 0.08768656716417908
1 0.15811567164179105 0.5457089552238806 0.03917910447761194 0.05037313432835816
1 0.4078824626865672 0.9496268656716418 0.04617537313432841 0.0522388059701494
1 0.6660447761194029 0.9712686538696289 0.050373134328358306 0.05447760624672043
1 0.8339552238805971 0.46921641791044777 0.05037313432835816 0.061567164179104454
1 0.9710820895522388 0.4151119402985074 0.04197761194029852 0.06529850746268658
0 0.04267723880597016 0.375 0.07975746268656718 0.15671641791044777
0 0.337919776119403 0.38246268656716415 0.1385261194029851 0.205223880597015
0 0.5401119402985075 0.37779850746268656 0.1986940298507463 0.2593283582089552
0 0.6331623134328358 0.43470149253731344 0.14692164179104467 0.13805970149253724
0 0.781483208955224 0.4319029850746269 0.1441231343283583 0.22201492537313428
