1 0.26166044776119407 0.13059701492537315 0.06716417910447764 0.06716417910447761
1 0.2903451492537314 0.9589552238805971 0.05457089552238809 0.0597014925373135
1 0.9039179104477613 0.4244402985074627 0.03917910447761187 0.046641791044776115
1 0.7437033582089554 0.46082089552238803 0.040578358208955195 0.07089552238805964
1 0.027985074626865673 0.1697761194029851 0.030783582089552244 0.041044776119403006
1 0.03917910447761194 0.2677238805970149 0.06156716417910449 0.083955223880597
1 0.015391791044776117 0.5298507462686568 0.030783582089552234 0.041044776119402965
0 0.16721082089552242 0.3302238805970149 0.1385261194029851 0.22014925373134328
0 0.37709888059701496 0.34608208955223885 0.15531716417910452 0.24813432835820898
0 0.5016324626865672 0.41791044776119407 0.1805037313432836 0.1492537313432836
0 0.6555503731343285 0.40671641791044777 0.1469216417910449 0.2537313432835822
