1 0.06786380597014925 0.43470149253731344 0.08255597014925374 0.05597014925373131
0 0.028684701492537313 0.38992537313432835 0.057369402985074626 0.10074626865671647
1 0.16231343283582092 0.3684701492537313 0.04197761194029848 0.061567164179104454
1 0.14412313432835824 0.19029850746268656 0.044776119402985086 0.059701492537313425
1 0.16930970149253732 0.1371268656716418 0.027985074626865655 0.03917910447761194
1 0.21478544776119407 0.18283582089552242 0.04057835820895523 0.029850746268656712
1 0.2609608208955224 0.24533582089552236 0.0769589552238806 0.08768656716417908
1 0.3414179104477612 0.29757462686567165 0.05317164179104477 0.08022388059701488
1 0.4232742537313433 0.23134328358208955 0.05457089552238806 0.059701492537313425
1 0.4890391791044776 0.26492537313432835 0.057369402985074626 0.07462686567164177
1 0.46735074626865675 0.3246268656716418 0.05037313432835816 0.06716417910447756
1 0.6898320895522388 0.2555970149253731 0.04197761194029852 0.05223880597014926
1 0.7220149253731344 0.3460820895522388 0.05597014925373131 0.083955223880597
1 0.6576492537313433 0.480410447761194 0.04197761194029859 0.061567164179104454
1 0.7045242537313433 0.5018656716417911 0.04337686567164184 0.07835820895522388
1 0.7101212686567164 0.5736940298507462 0.032182835820895546 0.03917910447761194
1 0.8619402985074628 0.1986940298507463 0.03638059701492551 0.04291044776119403
0 0.19099813432835824 0.2835820895522388 0.07975746268656715 0.27238805970149255
0 0.3064365671641791 0.28451492537313433 0.12313432835820898 0.2705223880597015
0 0.4771455223880598 0.38899253731343286 0.08675373134328361 0.10634328358208961
0 0.6226679104477613 0.40671641791044777 0.0839552238805971 0.15298507462686564
0 0.929804104477612 0.40671641791044777 0.12733208955223888 0.19402985074626863
