1 0.27005597014925375 0.4253731343283582 0.050373134328358236 0.06343283582089555
1 0.41557835820895517 0.3703358208955224 0.027985074626865655 0.0317164179104477
1 0.46805037313432835 0.3582089552238806 0.04617537313432841 0.07089552238805971
1 0.75 0.4776119402985074 0.05037313432835816 0.059701492537313425
1 0.7646921641791045 0.5886194029850746 0.04617537313432834 0.04664179104477604
1 0.9416977611940299 0.19776119402985073 0.03917910447761201 0.05223880597014926
0 0.10214552238805971 0.3591417910447761 0.12873134328358213 0.28171641791044777
0 0.5345149253731344 0.4319029850746269 0.11473880597014934 0.24440298507462685
0 0.7178171641791045 0.40205223880597013 0.08675373134328368 0.2817164179104477
0 0.8423507462686567 0.4533582089552239 0.09514925373134318 0.23507462686567165
0 0.9416977611940299 0.44776119402985076 0.061567164179104454 0.29850746268656714
