1 0.4890391791044776 0.4216417910447761 0.03777985074626862 0.05223880597014926
1 0.17910447761194032 0.7266791044776119 0.06996268656716419 0.08768656716417908
1 0.8017723880597015 0.48694029850746273 0.05037313432835816 0.08208955223880601
1 0.018889925373134327 0.6585820895522388 0.029384328358208957 0.06343283582089555
1 0.060867537313432835 0.6389925373134328 0.06576492537313433 0.06529850746268658
1 0.9423973880597016 0.5680970149253731 0.05177238805970148 0.07276119402985066
1 0.5848880597014926 0.6333955223880596 0.04197761194029845 0.042910447761193994
1 0.37779850746268656 0.8479477611940298 0.036380597014925374 0.024253731343283676
0 0.08815298507462688 0.5186567164179104 0.17630597014925375 0.2313432835820896
0 0.2525652985074627 0.4841417910447761 0.19449626865671643 0.1958955223880598
0 0.40998134328358204 0.4701492537313433 0.22947761194029845 0.22014925373134325
0 0.6254664179104478 0.458955223880597 0.08955223880597024 0.15298507462686564
0 0.7842817164179106 0.44962686567164184 0.12453358208955223 0.17537313432835824
0 0.941464552238806 0.4085820895522388 0.11707089552238799 0.2126865671641792
