1 0.15181902985074627 0.6800373134328359 0.06856343283582088 0.09141791044776121
1 0.062266791044776115 0.5876865671641791 0.04337686567164179 0.04850746268656714
1 0.45545708955223885 0.49626865671641796 0.018190298507462687 0.03731343283582099
1 0.4799440298507463 0.5699626865671642 0.03358208955223887 0.03917910447761194
1 0.6590485074626866 0.6007462686567164 0.016791044776119434 0.0261194029850747
1 0.7115205223880597 0.6529850746268656 0.08255597014925371 0.0671641791044776
1 0.7402052238805971 0.46455223880597013 0.03917910447761201 0.06343283582089555
1 0.9556902985074628 0.5578358208955224 0.02238805970149258 0.06343283582089555
0 0.04547574626865672 0.4421641791044776 0.09095149253731344 0.17910447761194034
0 0.1553171641791045 0.503731343283582 0.11194029850746269 0.2164179104477612
0 0.2693563432835821 0.6026119402985074 0.22807835820895522 0.376865671641791
0 0.4771455223880598 0.5083955223880596 0.11753731343283583 0.207089552238806
0 0.5960820895522388 0.49160447761194037 0.2294776119402986 0.22201492537313436
0 0.7940764925373135 0.498134328358209 0.18050373134328368 0.20895522388059704
0 0.9407649253731344 0.5009328358208955 0.11847014925373131 0.28171641791044777
