1 0.049673507462686575 0.4514925373134328 0.07136194029850747 0.06716417910447767
1 0.14762126865671643 0.6408582089552239 0.04897388059701493 0.061567164179104523
1 0.5520055970149254 0.027052238805970144 0.043376865671641764 0.05410447761194029
1 0.5576026119402985 0.5466417910447761 0.029384328358209047 0.026119402985074487
0 0.1357276119402985 0.5289179104477612 0.15111940298507462 0.16231343283582084
0 0.43656716417910446 0.4878731343283582 0.18749999999999992 0.15111940298507462
0 0.5862873134328358 0.4869402985074626 0.10074626865671632 0.17537313432835824
0 0.7653917910447761 0.45242537313432835 0.15671641791044777 0.20335820895522383
0 0.9106809701492538 0.4132462686567165 0.17863805970149244 0.18470149253731344
1 0.697527985074627 0.4104477611940298 0.03777985074626869 0.041044776119402965
