1 0.055970149253731345 0.6166044776119404 0.06996268656716419 0.0839552238805971
1 0.14132462686567165 0.5867537313432836 0.06156716417910447 0.05410447761194043
1 0.13432835820895522 0.6660447761194029 0.050373134328358195 0.06343283582089548
1 0.051772388059701496 0.39552238805970147 0.07276119402985075 0.10447761194029852
1 0.21828358208955226 0.5261194029850746 0.03917910447761194 0.03731343283582092
1 0.3043376865671642 0.5009328358208955 0.026585820895522402 0.0317164179104477
1 0.5331156716417911 0.46921641791044777 0.04477611940298495 0.03544776119402982
1 0.7947761194029852 0.41884328358208955 0.03917910447761201 0.0578358208955224
1 0.7919776119402985 0.5736940298507462 0.06436567164179095 0.08022388059701491
1 0.8675373134328359 0.5046641791044776 0.04197761194029852 0.05410447761194035
1 0.318330223880597 0.9188432835820897 0.04617537313432834 0.0727611940298506
1 0.4386660447761194 0.625 0.026585820895522402 0.03731343283582085
1 0.37290111940298515 0.6110074626865671 0.018190298507462687 0.024253731343283534
0 0.09934701492537315 0.5988805970149254 0.16231343283582092 0.3880597014925374
0 0.29734141791044777 0.5307835820895522 0.2252798507462687 0.24440298507462693
0 0.5023320895522388 0.44682835820895517 0.1455223880597015 0.1548507462686567
0 0.6506529850746269 0.5401119402985074 0.12313432835820891 0.21828358208955223
0 0.7737873134328359 0.5093283582089552 0.16231343283582078 0.21268656716417908
0 0.9484608208955224 0.5550373134328358 0.1030783582089552 0.2481343283582089
