0 0.72486 0.415481 0.0729052 0.0981716
1 0.510165 0.275784 0.0810615 0.114392
1 0.899667 0.272482 0.0398945 0.047678
0 0.873909 0.402054 0.0894547 0.180602
1 0.3345 0.468003 0.069458 0.0819256
1 0.684563 0.290076 0.112817 0.147874
0 0.583011 0.331921 0.111397 0.277687
1 0.935114 0.350001 0.0593813 0.0799256
1 0.804239 0.41288 0.0342899 0.0481616
0 0.474316 0.327859 0.131875 0.294063
1 0.920213 0.574502 0.0319741 0.0453323
1 0.902589 0.504592 0.0875746 0.0886
1 0.651937 0.265719 0.0457216 0.062148
1 0.421349 0.410193 0.0462831 0.0623106
1 0.687482 0.343554 0.0480134 0.0612385
0 0.292672 0.392051 0.120388 0.194596
1 0.454587 0.217769 0.0451899 0.0522418
1 0.254971 0.410994 0.030871 0.0391985
0 0.152308 0.216077 0.113298 0.416399
1 0.410674 0.183162 0.0305432 0.0470932
1 0.384903 0.236822 0.039455 0.0669732
1 0.711639 0.292717 0.0554592 0.0757099
1 0.579921 0.328906 0.065023 0.0670955
