0 0.628889 0.53763 0.0927202 0.172366
0 0.79132 0.553445 0.156487 0.24137
1 0.588389 0.651711 0.0429308 0.0540207
0 0.28966 0.60249 0.291188 0.342391
0 0.924623 0.509346 0.149393 0.203074
1 0.713269 0.720486 0.064752 0.0843785
0 0.106549 0.625151 0.21215 0.353882
0 0.467008 0.597206 0.127101 0.264119
1 0.208733 0.617693 0.0497763 0.0644129
1 0.331024 0.484266 0.0569391 0.0852461
1 0.0259835 0.540284 0.0519671 0.0896678
1 0.633305 0.643722 0.0539249 0.0468587
1 0.350577 0.644759 0.0566073 0.0662721
