0 0.452785 0.370809 0.090457 0.163367
1 0.563675 0.541107 0.0318677 0.0482546
1 0.54606 0.226103 0.0385398 0.0465965
0 0.907701 0.367352 0.184119 0.269548
1 0.169317 0.271338 0.0675488 0.0802034
1 0.573116 0.306448 0.0585884 0.078987
0 0.114769 0.246464 0.18276 0.349778
0 0.764555 0.373677 0.128703 0.186469
1 0.791181 0.908356 0.0424484 0.0544178
1 0.528298 0.462338 0.0959339 0.0913862
1 0.327787 0.234316 0.0601079 0.081947
1 0.303829 0.288542 0.0531756 0.0636151
1 0.263579 0.210354 0.0477783 0.0612437
1 0.544973 0.463155 0.0601479 0.0878012
0 0.299322 0.358408 0.106875 0.116566
1 0.0911738 0.21007 0.0988222 0.116837
1 0.719098 0.168245 0.0447568 0.0515212
