1 0.156246 0.474504 0.0778833 0.117579
1 0.577597 0.15811 0.0463287 0.0532998
1 0.0555841 0.366025 0.111168 0.229927
1 0.839971 0.61706 0.0450268 0.0746326
1 0.406344 0.33581 0.0577968 0.107702
0 0.951256 0.354616 0.0938481 0.259161
1 0.371873 0.430118 0.0938969 0.14684
1 0.313841 0.69138 0.0896809 0.112729
1 0.0132728 0.0211887 0.0265321 0.0423774
1 0.056078 0.18484 0.049082 0.0711828
0 0.794709 0.439262 0.100411 0.238716
1 0.252203 0.174388 0.0376888 0.0343782
1 0.214401 0.678604 0.0345125 0.0497874
1 0.404753 0.950137 0.0309786 0.0527516
0 0.0749507 0.484063 0.0657668 0.214263
1 0.749699 0.0187266 0.0493715 0.0374532
1 0.39994 0.0143167 0.0174282 0.0269669
0 0.794376 0.413802 0.0921102 0.174876
1 0.258813 0.175791 0.0239635 0.0299337
