1 0.0353894 0.347301 0.0707787 0.156291
1 0.89881 0.397092 0.0520046 0.0925334
1 0.786034 0.87813 0.0674797 0.11207
1 0.418435 0.563647 0.0741413 0.115012
1 0.563716 0.381354 0.112712 0.219578
1 0.305806 0.566915 0.0845948 0.136926
1 0.389178 0.367115 0.0567541 0.0960184
0 0.190207 0.417045 0.0852494 0.224305
1 0.690239 0.0800568 0.0381953 0.0611714
1 0.528648 0.0459643 0.0312645 0.062396
1 0.974632 0.970989 0.0375283 0.0580217
1 0.185503 0.396714 0.0700578 0.0970883
1 0.47483 0.938754 0.047682 0.0872031
1 0.0883119 0.541854 0.0449581 0.0650206
1 0.990329 0.844385 0.019343 0.122934
1 0.384816 0.108774 0.0294719 0.0415755
1 0.9602 0.378733 0.0713291 0.10515
1 0.29709 0.0161997 0.0202324 0.0323995
1 0.0185039 0.0948861 0.0305282 0.0499094
1 0.959984 0.394999 0.0786665 0.143999
1 0.496076 0.579216 0.0303312 0.0576493
