1 0.450822 0.595909 0.0348423 0.0391817
1 0.114392 0.711715 0.0832318 0.0949348
1 0.689645 0.67502 0.0853706 0.0828224
0 0.22977 0.643839 0.270531 0.40932
0 0.789064 0.535573 0.19634 0.279708
0 0.573921 0.519166 0.248067 0.282601
0 0.124414 0.54442 0.1342 0.248731
0 0.92099 0.527755 0.15802 0.315758
0 0.448426 0.542032 0.125583 0.190119
1 0.429534 0.521559 0.026919 0.0413721
1 0.0279428 0.624351 0.0507752 0.0595833
1 0.719042 0.491905 0.044496 0.0539246
0 0.0291448 0.477317 0.0582897 0.19538
1 0.948597 0.584006 0.0454384 0.0552723
1 0.632096 0.625651 0.0246122 0.0344201
1 0.777068 0.30089 0.0287205 0.0342638
