0 0.555313 0.555996 0.0947645 0.160684
0 0.712049 0.562407 0.145308 0.245342
1 0.646821 0.72643 0.0648933 0.0847903
0 0.214177 0.611165 0.290812 0.330338
0 0.372839 0.608076 0.144742 0.25611
1 0.132804 0.619675 0.0477789 0.0593553
1 0.968079 0.473476 0.0332075 0.0392605
1 0.520272 0.657776 0.0435173 0.0514155
1 0.260571 0.491122 0.0539329 0.0843785
0 0.0785228 0.585151 0.157046 0.306945
1 0.564359 0.64934 0.0572008 0.0463567
1 0.742929 0.520081 0.0214026 0.0294883
0 0.88402 0.519878 0.230392 0.192365
1 0.34872 0.577169 0.0381749 0.0434871
1 0.587404 0.458964 0.0286364 0.0373769
0 0.851624 0.522789 0.161705 0.182453
1 0.567616 0.651401 0.0478154 0.0375858
