1 0.849814 0.786183 0.156448 0.249223
1 0.190611 0.515707 0.0636691 0.120077
1 0.70582 0.778043 0.103385 0.179805
1 0.365145 0.297331 0.0775635 0.131395
1 0.820846 0.188843 0.0345135 0.0585739
1 0.0160615 0.665329 0.032123 0.0657639
1 0.429386 0.514459 0.0612103 0.115241
1 0.921243 0.500147 0.0235233 0.0404722
1 0.0569896 0.275832 0.0355951 0.0569103
1 0.398201 0.982098 0.0408535 0.0358049
1 0.964774 0.179494 0.0527553 0.0832233
1 0.943243 0.459795 0.0293268 0.0397332
0 0.352209 0.373253 0.0659154 0.20683
0 0.638895 0.437705 0.139394 0.228111
1 0.076857 0.175559 0.0468723 0.0780726
1 0.0261108 0.385374 0.0522217 0.161176
0 0.0777581 0.416384 0.0962154 0.221566
0 0.500759 0.389807 0.114476 0.225098
1 0.0188688 0.380742 0.0374255 0.149238
1 0.979141 0.97407 0.0417173 0.0518609
