0 0.534528 0.363182 0.101195 0.153625
0 0.205806 0.252636 0.174027 0.321832
1 0.601519 0.466012 0.0943542 0.0940536
0 0.0871482 0.261728 0.12443 0.271478
1 0.252672 0.273827 0.0660281 0.0740943
1 0.615228 0.231086 0.0403053 0.0503862
1 0.0792255 0.117161 0.028006 0.0423908
0 0.38421 0.363734 0.098493 0.112103
0 0.839692 0.373955 0.141365 0.202692
1 0.643554 0.309103 0.0588757 0.0804294
1 0.631926 0.543266 0.032326 0.0475773
0 0.944668 0.381146 0.110665 0.222993
1 0.06978 0.344973 0.0505221 0.0713351
1 0.380158 0.293054 0.0547979 0.0654972
1 0.340924 0.212785 0.0506379 0.0649283
1 0.403631 0.240605 0.0585777 0.0790845
1 0.850452 0.908903 0.039611 0.0531527
1 0.783123 0.174181 0.0488996 0.0546753
