0 0.368424 0.388137 0.0716256 0.179485
1 0.0413766 0.268457 0.0827532 0.119485
1 0.250213 0.356208 0.0383985 0.0495589
1 0.220757 0.721959 0.061982 0.0781617
0 0.913666 0.494017 0.161066 0.136357
1 0.60381 0.323214 0.0461214 0.0625262
0 0.483181 0.375416 0.0666545 0.233459
1 0.307658 0.694173 0.0369032 0.0534154
1 0.833313 0.60227 0.0295235 0.0419148
1 0.361193 0.384078 0.0520618 0.067481
1 0.200151 0.473116 0.0477599 0.0567638
0 0.702425 0.518486 0.165848 0.09357
1 0.82198 0.388575 0.0428841 0.0535567
0 0.612832 0.459484 0.107361 0.114126
1 0.677498 0.786985 0.0236675 0.0379157
1 0.198816 0.17992 0.0262778 0.0392792
1 0.29676 0.229423 0.0397255 0.0500321
1 0.989051 0.959674 0.0218991 0.0713603
