1 0.597704 0.387414 0.0989363 0.163566
1 0.156202 0.428291 0.0989825 0.170624
1 0.505384 0.289124 0.0782812 0.134432
1 0.70634 0.32081 0.112447 0.181163
1 0.0365812 0.294787 0.073108 0.179958
1 0.432771 0.277648 0.0916372 0.142601
1 0.898393 0.0782105 0.0693497 0.109345
1 0.0884575 0.970166 0.0440597 0.0587247
1 0.879668 0.678874 0.066944 0.102222
1 0.144155 0.834375 0.0624255 0.109424
1 0.715223 0.592752 0.0329625 0.0620233
1 0.852825 0.165212 0.0499496 0.0745666
1 0.770078 0.0888018 0.028993 0.0356443
1 0.0968981 0.156629 0.0451143 0.0729961
1 0.475242 0.439577 0.0605055 0.0954253
1 0.562159 0.82715 0.0376768 0.0720205
1 0.53874 0.521025 0.0409878 0.0770247
0 0.940496 0.46476 0.116954 0.180492
1 0.879422 0.483887 0.0350563 0.0563168
1 0.345321 0.824717 0.022899 0.0425588
1 0.111775 0.25744 0.0700708 0.122678
0 0.0588436 0.346079 0.086253 0.263468
1 0.355938 0.358744 0.0213562 0.0363036
1 0.229394 0.333105 0.0279608 0.0629584
1 0.670233 0.972071 0.0278362 0.0522437
0 0.0651091 0.362279 0.0712328 0.216957
