1 0.626570351758794 0.6507537688442211 0.07726130653266332 0.08877721943048578
1 0.6755653266331659 0.34757118927973196 0.103643216080402 0.202680067001675
0 0.5860552763819097 0.48659966499162477 0.1545226130653267 0.16582914572864318
1 0.4720477386934674 0.4321608040201005 0.06595477386934676 0.0971524288107203
0 0.43247487437185933 0.47403685092127307 0.05276381909547737 0.15075376884422106
1 0.35144472361809037 0.33165829145728654 0.13567839195979897 0.2278056951423787
0 0.2741834170854272 0.4472361809045226 0.11494974874371866 0.17420435510887772
1 0.20021984924623115 0.33752093802345057 0.06124371859296481 0.09882747068676717
1 0.16394472361809048 0.44388609715242877 0.06407035175879396 0.07370184254606364
1 0.06878140703517589 0.4204355108877722 0.09233668341708544 0.0971524288107203
1 0.0626570351758794 0.6867671691792294 0.10835427135678392 0.12395309882747078
0 0.14510050251256285 0.4371859296482412 0.13567839195979903 0.2680067001675041
1 0.3505025125628141 0.1440536013400335 0.04899497487437181 0.07035175879396985
0 0.9073492462311558 0.4304857621440536 0.1809045226130654 0.2110552763819095
1 0.2185120422386254 0.14924993276212517 0.025156674206856487 0.03848256106061765
1 0.06084404924449006 0.17889190547097933 0.016381090181208872 0.022881522792799664
1 0.08132041197100115 0.07384491446767169 0.010530700830777144 0.01664110748567248
1 0.04153776438806533 0.08008532977479887 0.015211012311122514 0.01664110748567248
1 0.05938145190688213 0.09048602195334418 0.011115739765820294 0.012480830614254366
1 0.5353106255645039 0.13780917136572535 0.032762180362417584 0.036402422624908566
1 0.8554953830443363 0.12532834075147098 0.045633036933367635 0.05096339167487203
1 0.816590293863965 0.3130608345742138 0.00877558402564759 0.014560969049963433
1 0.5284586183552021 0.6287218421930639 0.03276218036241772 0.04680311480345388
1 0.5825747198466956 0.5735981736467737 0.033347219297460956 0.05720380698199925
1 0.3017560310259726 0.46387087116312103 0.022816518466683512 0.04368290714989089
1 0.27087302692498944 0.6214413576680823 0.016381090181208792 0.050963391674872266
1 0.2416210801728307 0.8699913477681838 0.00819054509060443 0.027041799664217905
1 0.5124941070978201 0.7878258795576758 0.018721245921381496 0.039522630278472096
1 0.5543243909534071 0.8933929051699107 0.00877558402564759 0.030162007317781132
1 0.7234006431808843 0.8892326282984925 0.029836985687202004 0.04888325323916263
1 0.015796051246165687 0.3881191604843497 0.031592102492331374 0.07523166813474547
1 0.45047997998324374 0.6162144586116781 0.007020467220518114 0.014560969049963362
1 0.7437529464510899 0.3489166696230637 0.01989132379146781 0.039522630278472165
