1 0.07349246231155777 0.19262981574539365 0.061557788944723614 0.08710217755443886
1 0.3687185929648241 0.27554438860971525 0.041457286432160886 0.06197654941373536
0 0.646356783919598 0.39865996649916247 0.11432160804020107 0.16750418760469007
0 0.771356783919598 0.4363484087102178 0.11557788944723627 0.13567839195979892
0 0.89321608040201 0.4304857621440536 0.10301507537688437 0.1105527638190955
0 0.9698492462311558 0.44388609715242877 0.06030150753768851 0.11390284757118926
0 0.3925879396984925 0.3777219430485762 0.1268844221105528 0.14237855946398661
1 0.38065326633165825 0.5125628140703518 0.03266331658291456 0.04690117252931323
1 0.22298994974874373 0.7294807370184254 0.021356783919598003 0.03182579564489117
0 0.13756281407035176 0.4240647640260221 0.2751256281407035 0.09994417379050198
1 0.6268844221105527 0.9078726968174204 0.037688442211055245 0.0938023450586266
1 0.7248743718592965 0.5695142378559463 0.020100502512562884 0.03350083752093795
