0 0.3655778894472362 0.4112227805695142 0.09233668341708537 0.29983249581239524
0 0.5144472361809046 0.3860971524288107 0.11683417085427138 0.2629815745393635
0 0.6425879396984925 0.38358458961474035 0.09045226130653256 0.24790619765494143
0 0.7980527638190955 0.3894472361809045 0.1714824120603015 0.19262981574539367
0 0.9334170854271358 0.306811832702739 0.1331658291457286 0.23171411766678449
1 0.9657663316582915 0.08793969849246232 0.06218592964824125 0.11892797319932999
1 0.13944723618090454 0.6876046901172529 0.06407035175879396 0.08207705192629816
1 0.7782663316582915 0.9246231155778895 0.07914572864321599 0.14740368509212728
1 0.7740263819095478 0.6984924623115577 0.2647613065326634 0.20770519262981588
1 0.14227386934673367 0.05276381909547738 0.09045226130653265 0.10552763819095476
1 0.4560301507537689 0.055276381909547735 0.08291457286432163 0.10050251256281406
1 0.5464824120603015 0.847571189279732 0.04145728643216082 0.11725293132328318
1 0.415617223884081 0.2307062628695504 0.04308013976227009 0.047275873538842286
1 0.3714733769671871 0.22834246919260828 0.036697896834526345 0.050112425951172844
1 0.3552781896443999 0.011818968384710575 0.010637071546239482 0.017964831944760073
1 0.6073767852902765 0.23259729781110408 0.03191121463871873 0.043493803655734915
1 0.9736732479230571 0.820351680552399 0.009041510814303565 0.022692419298644212
1 0.39182543434375544 0.6487402596064016 0.012232632278175401 0.027420006652528597
0 0.18215985022935172 0.42748917144461956 0.08988325456572391 0.27892765387916946
