1 0.07097989949748744 0.26214405360134 0.0364321608040201 0.04522613065326631
1 0.01256281407035176 0.30234505862646566 0.02512562814070352 0.0284757118927973
1 0.5094221105527638 0.076214405360134 0.02386934673366831 0.04857621440536015
1 0.9635678391959799 0.7579564489112228 0.025125628140703498 0.051926298157453914
1 0.9239949748743719 0.9765494137353434 0.023869346733668237 0.0469011725293133
0 0.2129396984924623 0.3442211055276382 0.1394472361809045 0.2562814070351759
0 0.3373115577889447 0.38944723618090454 0.11934673366834168 0.17252931323283083
0 0.4962311557788944 0.3768844221105525 0.04271356783919575 0.22780569514237836
0 0.6658291457286433 0.4723618090452261 0.14824120603015062 0.08375209380234509
0 0.8090452261306532 0.42378559463986604 0.13819095477386953 0.1675041876046901
0 0.8976130653266332 0.431323283082077 0.06658291457286439 0.2127303182579564
1 0.960427135678392 0.5896147403685091 0.02638190954773876 0.05695142378559474
1 0.13756281407035176 0.10050251256281406 0.026381909547738686 0.05025125628140703
