0 0.321608040201005 0.4455611390284757 0.11557788944723622 0.13735343383584586
0 0.18592964824120603 0.3835845896147404 0.10050251256281406 0.11725293132328311
0 0.5056532663316582 0.3442211055276382 0.13190954773869343 0.25963149078726966
0 0.7280150753768844 0.47906197654941374 0.09673366834170849 0.12730318257956455
1 0.8467336683417085 0.35594639865996647 0.06030150753768836 0.06867671691792296
1 0.8404522613065326 0.42211055276381915 0.042713567839196005 0.036850921273031856
1 0.7983668341708543 0.5058626465661642 0.04396984924623126 0.0569514237855946
1 0.9158291457286433 0.4346733668341709 0.04020100502512562 0.04857621440536008
1 0.9685929648241206 0.373534338358459 0.027638190954773732 0.04020100502512562
0 0.8762562814070352 0.46063651591289784 0.1394472361809045 0.1809045226130654
