1 0.19535175879396985 0.4288107202680067 0.036432160804020126 0.043551088777219464
1 0.6915829145728644 0.3098827470686767 0.07663316582914576 0.08040201005025122
1 0.6350502512562813 0.45142378559463986 0.03894472361809051 0.041876046901172546
1 0.7644472361809045 0.3743718592964824 0.041457286432160886 0.041876046901172546
1 0.8304020100502513 0.3015075376884422 0.037688442211055245 0.04355108877721943
1 0.8819095477386935 0.31909547738693467 0.03266331658291463 0.04522613065326631
1 0.8624371859296482 0.37185929648241206 0.036432160804020126 0.05695142378559453
1 0.9729899497487438 0.4371859296482412 0.028894472361809136 0.030150753768844255
0 0.8084170854271358 0.3844221105527638 0.09673366834170849 0.22948073701842542
0 0.6947236180904522 0.3961474036850921 0.12311557788944726 0.20938023450586268
1 0.6080402010050251 0.24120603015075376 0.025125628140703567 0.03350083752093802
1 0.5609296482412061 0.5092127303182579 0.036432160804020126 0.04690117252931323
0 0.4258793969849246 0.25795644891122277 0.06030150753768844 0.4321608040201005
0 0.3027638190954774 0.29313232830820773 0.10301507537688441 0.3852596314907873
1 0.5496231155778895 0.9514237855946399 0.038944723618090434 0.05695142378559481
