1 0.02386934673366834 0.24623115577889446 0.03266331658291457 0.04020100502512562
1 0.09170854271356785 0.07537688442211056 0.032663316582914576 0.03350083752093803
1 0.478643216080402 0.05443886097152429 0.027638190954773875 0.04857621440536014
1 0.946608040201005 0.7747068676716918 0.02638190954773876 0.05862646566164159
1 0.9459798994974875 0.5963149078726968 0.022613065326633118 0.03685092127303193
0 0.15389447236180906 0.33333333333333337 0.1444723618090452 0.254606365159129
0 0.2858040201005025 0.39028475711892796 0.11180904522613062 0.18090452261306533
0 0.45791457286432163 0.3668341708542714 0.0464824120603015 0.22445561139028475
0 0.6237437185929648 0.4656616415410385 0.16206030150753775 0.08710217755443893
0 0.7776381909547738 0.4212730318257957 0.14321608040201 0.18257956448911222
0 0.8982412060301499 0.4514237855946397 0.1633165829145727 0.1423785594639864
1 0.9020100502512562 0.9882747068676717 0.030150753768844255 0.02345058626465658
