0 0.7208836886745419 0.7299404892154859 0.18467336683417088 0.20268006700167504
1 0.5003140703517589 0.47654941373534343 0.04334170854271356 0.07202680067001672
1 0.5257537688442211 0.32747068676716923 0.0678391959798995 0.10217755443886098
1 0.8418655778894473 0.48157453936348404 0.05935929648241214 0.11222780569514235
1 0.914886934673367 0.2403685092127303 0.12625628140703513 0.14237855946398661
1 0.7368090452261308 0.492462311557789 0.05653266331658287 0.09715242881072023
1 0.6581344221105528 0.5142378559463986 0.02167085427135672 0.04690117252931318
0 0.36122400629108753 0.6984651344928585 0.1130653266331658 0.19597989949748737
0 0.5695665829145728 0.6599664991624788 0.13473618090452255 0.2814070351758794
1 0.06454145728643217 0.1608040201005025 0.057474874371859296 0.09045226130653265
1 0.12154522613065329 0.0862646566164154 0.04334170854271358 0.07872696817420435
1 0.06595477386934674 0.6457286432160805 0.08291457286432163 0.1222780569514238
0 0.9522613065326633 0.5418760469011725 0.09547738693467338 0.25293132328308215
1 0.4621545226130654 0.015912897822445565 0.02920854271356781 0.03182579564489113
1 0.35097361809045224 0.2981574539363484 0.027324120603015062 0.04690117252931323
0 0.11966080402010051 0.8023450586264658 0.1469849246231156 0.13400335008375208
1 0.6806132687797734 0.28210549885947594 0.015211012311122546 0.0457630455855994
1 0.6080684408344197 0.02808186888207233 0.011700778700863381 0.020801384357090617
1 0.5568775340181421 0.054083599328435594 0.014625973376079387 0.01664110748567249
1 0.09711646321716681 0.36506429546694036 0.012870856570949805 0.014560969049963504
1 0.10296685256759856 0.32138138831705004 0.01521101231112251 0.02288152279279963
1 0.08921843759408399 0.2797786196028688 0.011115739765820294 0.0187212459213816
1 0.04475547853080279 0.3250216305795409 0.011115739765820299 0.015601038267817913
1 0.0400751670504574 0.43786914071675753 0.01579605124616569 0.02288152279279963
1 0.032469660894896134 0.47531163255952064 0.014625973376079338 0.02288152279279963
1 0.16351838234456703 0.31826118066348646 0.009945661895733924 0.024961661228508732
1 0.23840336603009324 0.24441626619581477 0.031007063557288175 0.03536235340705403
1 0.3109481939754468 0.5803586235628282 0.012285817635906682 0.031202076535635895
1 0.3293769204293068 0.6391225343716092 0.010530700830777135 0.02184145357494529
1 0.4104048129327863 0.6323620844555546 0.007605506155561202 0.0208013843570906
1 0.7078971114022403 0.8138276100040391 0.05148342628379922 0.08112539899265343
1 0.9388634312879883 0.8772718322931655 0.04621807586841072 0.03328221497134507
1 0.45035592052693846 0.8543903095003657 0.02164644059659743 0.0457630455855994
1 0.6463439637664016 0.42328161869966263 0.02047636272651104 0.03224214575349045
1 0.8584205777195522 0.3489166696230637 0.010530700830777135 0.02288152279279963
1 0.7525285304767376 0.07800519133908983 0.01638109018120886 0.04160276871418125
1 0.7832430745665042 0.06396425689805364 0.00877558402564759 0.02808186888207233
1 0.703385259933111 0.16277083259423406 0.008190545090604217 0.017681176703527014
1 0.6671128459604341 0.24181609315117839 0.012870856570949768 0.019761315139236152
1 0.37664101471149847 0.09880657569618044 0.015796051246165704 0.029121938099926883
1 0.2185120422386253 0.7862657757308941 0.008775584025647624 0.03224214575349052
1 0.29632222059936747 0.8091472985236936 0.018136206986338336 0.017681176703526945
