0 0.05967336683417086 0.331099939905419 0.11934673366834173 0.27917365452752035
0 0.2305276381909548 0.41959798994974873 0.08165829145728644 0.16582914572864318
0 0.3592964824120603 0.47822445561139026 0.14572864321608037 0.15912897822445557
0 0.6614321608040201 0.3835845896147404 0.08417085427135682 0.33500837520938026
0 0.7782663316582915 0.5427135678391959 0.09924623115577887 0.08710217755443878
0 0.9283919597989952 0.4916247906197656 0.14321608040200978 0.1993299832495815
1 0.8907035175879398 0.46063651591289784 0.03266331658291463 0.0469011725293133
1 0.9020100502512562 0.3936348408710218 0.04522613065326638 0.08375209380234509
1 0.9717336683417085 0.47571189279731996 0.03643216080401999 0.0402010050251257
1 0.8159547738693468 0.32077051926298156 0.03391959798994975 0.05862646566164156
