1 0.2141959798994975 0.4916247906197655 0.03643216080402009 0.038525963149078704
1 0.3241206030150754 0.3257956448911223 0.0603015075376884 0.09547738693467338
0 0.3404522613065326 0.3969849246231156 0.04773869346733669 0.16750418760469013
0 0.1878140703517588 0.37520938023450584 0.12688442211055276 0.16415410385259632
0 0.6620603015075378 0.46063651591289784 0.15326633165829137 0.08710217755443886
1 0.6011306532663316 0.4162479061976549 0.04899497487437188 0.07537688442211056
1 0.507537688442211 0.40201005025125625 0.030150753768844255 0.04355108877721939
1 0.5427135678391959 0.2805695142378559 0.030150753768844255 0.041876046901172546
1 0.45163316582914576 0.23785594639865998 0.02386934673366831 0.03685092127303182
1 0.821608040201005 0.3509212730318258 0.03517587939698487 0.05192629815745398
1 0.47361809045226133 0.7420435510887772 0.04773869346733662 0.05360134003350083
1 0.5483668341708543 0.7093802345058627 0.03391959798994975 0.05527638190954775
1 0.2399497487437186 0.7060301507537687 0.03266331658291456 0.04522613065326638
1 0.2141959798994975 0.9639865996649917 0.033919597989949785 0.04857621440536022
0 0.03015075376884422 0.3470128377278646 0.06030150753768844 0.21049693760959745
0 0.8561557788944724 0.4824120603015075 0.114321608040201 0.1072026800670016
1 0.885678391959799 0.7830820770519263 0.02261306532663326 0.045226130653266236
