0 0.5417713567839196 0.5979899497487436 0.06783919597989936 0.25460636515912893
0 0.34673366834170855 0.6951423785594639 0.10552763819095479 0.18760469011725284
0 0.8310301507537688 0.609715242881072 0.33165829145728654 0.3048576214405361
1 0.41551507537688454 0.1850921273031826 0.06030150753768844 0.05862646566164156
1 0.7438756281407034 0.2018425460636516 0.0763190954773874 0.09212730318257964
1 0.7019472361809046 0.388609715242881 0.0998743718592965 0.08375209380234501
1 0.4659233668341709 0.8509212730318257 0.04993718592964825 0.06365159128978234
0 0.07584798994974874 0.7934114976943638 0.15169597989949749 0.1217197181791117
1 0.2228329145728643 0.35427135678391963 0.053706030150753786 0.051926298157453914
1 0.023555276381909553 0.567001675041876 0.047110552763819105 0.15242881072026798
1 0.27041457286432163 0.03936348408710218 0.04334170854271356 0.058626465661641536
1 0.5679207482961468 0.024497498106491003 0.0372297504118383 0.048994996212982006
1 0.5916124076491349 0.07435205565654288 0.014988600815155594 0.021489033426746493
1 0.6290839096870241 0.16159753136913366 0.0067690455294251 0.022348594763816385
1 0.0507678414706886 0.19340130084071844 0.01740611707566466 0.03094420813451496
1 0.7745722098670776 0.11432165783029136 0.00870305853783222 0.017191226741397187
1 0.9076508788485569 0.39840667973188004 0.02707618211770054 0.052433241561261425
1 0.9787258569075209 0.8035902344795369 0.03384522764712571 0.03868026016814355
1 0.8622015731509879 0.9840981152642075 0.041581279680754195 0.03180376947158507
1 0.7115903101212784 0.8151943125299801 0.014988600815155734 0.029225085460375198
1 0.4472405081941615 0.5908488035547466 0.03287822114292212 0.0704840296397284
1 0.8295651036341166 0.07736052033628739 0.007252548781526968 0.022348594763816346
