1 0.7839195979899497 0.4271356783919598 0.12060301507537688 0.17420435510887772
1 0.7391645728643216 0.583752093802345 0.115891959798995 0.15242881072026798
1 0.5709798994974875 0.5293132328308208 0.12437185929648237 0.19765494137353443
1 0.43059045226130654 0.5142378559463987 0.12248743718592962 0.20770519262981574
1 0.2967964824120603 0.08375209380234505 0.05087939698492463 0.07705192629815744
1 0.36652010050251266 0.12897822445561138 0.05087939698492455 0.06700167504187605
1 0.11118090452261307 0.5067001675041877 0.13944723618090454 0.22278056951423786
0 0.11966080402010051 0.7691233904916837 0.23932160804020103 0.40145171147894415
1 0.26805904522613067 0.5954773869346733 0.09139447236180906 0.18927973199329984
1 0.2765389447236181 0.3852596314907873 0.1064698492462312 0.19095477386934676
0 0.3811243718592965 0.7847571189279732 0.34956030150753764 0.31658291457286447
0 0.6213881909547738 0.721105527638191 0.1064698492462312 0.2093802345058627
0 0.905464824120603 0.6080402010050251 0.17525125628140714 0.5092127303182579
1 0.9805276381909548 0.4290898896541627 0.038944723618090364 0.4461194778007878
1 0.9606604172153539 0.11656172478206962 0.07867916556929216 0.09715647442763413
1 0.7567099545105931 0.10822658653106855 0.032966130825122356 0.063294971184235
1 0.7248426947129778 0.1035380701470513 0.013186452330049009 0.021098323728078388
1 0.6171533340175778 0.03789884077080746 0.009670065042035887 0.017972646138733436
1 0.4833108428675806 0.14925110489122112 0.020658775317076845 0.02813109830410447
1 0.43100458195838626 0.2164531730621374 0.010988710275040886 0.0218797431254146
1 0.4668277774550193 0.00625135517868989 0.023735614194088157 0.010939871562707308
1 0.12615039395746863 0.1082265865310687 0.012307355508045728 0.027349678906768256
1 0.21318097933579114 0.5157368022419153 0.10988710275040789 0.0968960052696922
1 0.9419796097477802 0.4516604116603437 0.04659213156617275 0.11096155442174452
1 0.9314304478837436 0.9171695438823577 0.05186671249819274 0.07032774576026284
1 0.5655063957248859 0.9789016762719216 0.10944755433940671 0.04219664745615688
1 0.7490178573180677 0.6843065634761605 0.08615148855632 0.06095071299222639
1 0.3206505658256912 0.9640547077225331 0.010109613453037554 0.01719122674139726
1 0.37163818150188066 0.7081398550949152 0.013626000741050491 0.03828955046947503
1 0.9558731155778893 0.7495812395309883 0.019786432160803998 0.03517587939698487
1 0.25439698492462315 0.9003350083752093 0.011306532663316595 0.01172529313232829
1 0.5455402010050251 0.64321608040201 0.02072864321608037 0.03350083752093807
