1 0.7905150753768845 0.4271356783919598 0.11871859296482427 0.24120603015075384
0 0.698178391959799 0.5150753768844222 0.054648241206030124 0.20268006700167496
1 0.16912688442211057 0.36767169179229486 0.09704773869346735 0.14572864321608037
1 0.18184673366834175 0.4991624790619765 0.1111809045226131 0.11055276381909543
1 0.9219535175879398 0.44388609715242877 0.12531407035175873 0.23450586264656606
1 0.9068781407035178 0.611390284757119 0.06312814070351763 0.07370184254606364
1 0.478643216080402 0.3249581239530988 0.064070351758794 0.11725293132328307
0 0.41221733668341715 0.5770519262981574 0.14792713567839194 0.08877721943048578
1 0.404679648241206 0.4011725293132328 0.04428391959798993 0.10552763819095481
1 0.044283919597989954 0.949748743718593 0.08856783919597991 0.10050251256281399
