1 0.4385992462311558 0.414572864321608 0.09893216080402013 0.26968174204355105
1 0.07443467336683418 0.5209380234505863 0.10929648241206032 0.13400335008375208
1 0.11400753768844218 0.04522613065326632 0.07160804020100506 0.08375209380234504
1 0.5516645728643216 0.43551088777219427 0.05747487437185925 0.07035175879396988
1 0.30150753768844224 0.941373534338358 0.12248743718592968 0.11725293132328299
1 0.6794959455546611 0.29468724360786686 0.04178083583294703 0.07681167314538892
0 0.9527324120603015 0.47264097843138214 0.094535175879397 0.23394752387425405
0 0.7123115577889447 0.5586264656616415 0.16959798994974867 0.09212730318257954
1 0.3714997237524152 0.04963966721578441 0.022869703824415027 0.06713174042515607
1 0.7734303760650982 0.08415105489913928 0.03935716472108638 0.052948978363503374
1 0.8984159667334126 0.4443932112651175 0.042548286184958074 0.08887864225302351
1 0.8641114109967901 0.6694263693100069 0.0505260898446376 0.10968002661011418
1 0.2941150282535226 0.6284116339846993 0.07552320797830056 0.09266071213613074
1 0.2356111347492053 0.6823061298189796 0.013828193010111355 0.03403862894796646
1 0.2558215706870604 0.7026347554406819 0.028720093174846646 0.04254828618495793
1 0.14014341762170548 0.5773536905627491 0.017551168051295515 0.05294897836350431
1 0.2092843826722625 0.45727297177409026 0.017551168051295144 0.01701931447398323
1 0.1675338768532724 0.1602652112966754 0.014891900164735326 0.027420006652528528
1 0.5847730082545174 0.19808591012774923 0.011168925123551504 0.021746901827867475
1 0.7244998469523951 0.3176938701810174 0.05318535773119995 0.12102623625943516
1 0.646583297876192 0.37442491842763104 0.07286394009174074 0.0699682928374866
1 0.5931320133563384 0.49214184353934826 0.0361660432572144 0.10117036937312257
1 0.5609548719289638 0.48126839262541454 0.030315653906782602 0.02647448918175158
1 0.7364665524419158 0.4406111413820102 0.026060825288286935 0.049166908480396
1 0.9718117604024651 0.33045835603650764 0.03403862894796617 0.05389449583428018
1 0.4245344293484419 0.9371230881933396 0.019146728783231096 0.034984146418743194
1 0.8750941873682825 0.2886192079546323 0.019306284856424726 0.021841453574945147
1 0.8294611504349149 0.06448429150698091 0.01579605124616563 0.031202076535635934
0 0.5940568268317002 0.5089878719304597 0.1825321477334703 0.11128740631043925
