1 0.10866834170854273 0.5376884422110553 0.028894472361809028 0.03350083752093802
1 0.635678391959799 0.6206030150753769 0.025125628140703498 0.03517587939698494
1 0.33731155778894467 0.46984924623115576 0.02638190954773876 0.03182579564489102
1 0.7330402010050253 0.4798994974874371 0.06658291457286439 0.09212730318257961
1 0.9214824120603015 0.4396984924623115 0.03894472361809051 0.0318257956448911
1 0.8379396984924622 0.39447236180904527 0.022613065326633118 0.028475711892797264
0 0.9742462311557789 0.5678391959798995 0.051507537688442254 0.08040201005025133
1 0.6363065326633166 0.8082077051926297 0.02638190954773876 0.03852596314907885
1 0.8253768844221105 0.8492462311557789 0.05778894472361813 0.06030150753768851
1 0.8913316582914572 0.829145728643216 0.026381909547738617 0.05360134003350069
0 0.20414572864321606 0.4614740368509213 0.17462311557788943 0.09882747068676714
0 0.04396984924623116 0.43411501528230345 0.08793969849246232 0.05304300126118875
1 0.042713567839195984 0.3509212730318258 0.07035175879396985 0.06867671691792296
0 0.5083230857096883 0.4402604870736448 0.08187321735590408 0.20973296624504578
0 0.6659192519224513 0.5749490993423243 0.1709007183795055 0.05071411888712161
0 0.8952409620446108 0.6297937618975489 0.15536571167537716 0.05759060958368046
0 0.4060427382970266 0.4234585509289746 0.10887887238343837 0.16278458861249362
