1 0.7457600502512564 0.9229480737018426 0.046168341708542754 0.08040201005025124
1 0.897927135678392 0.4137353433835847 0.05087939698492448 0.07370184254606364
0 0.6642587939698492 0.5284757118927973 0.06595477386934676 0.2227805695142379
1 0.7141959798994975 0.44053601340033505 0.03768844221105539 0.06700167504187604
1 0.4612123115577889 0.4187604690117249 0.13473618090452275 0.23115577889447214
0 0.35427135678391963 0.49832495812395305 0.064070351758794 0.2127303182579564
1 0.16441582914572872 0.33249581239530995 0.06501256281407036 0.13232830820770514
1 0.5785175879396985 0.5979899497487436 0.05464824120603005 0.12060301507537688
1 0.5997173366834171 0.4371859296482412 0.11212311557788951 0.2077051926298158
1 0.09280778894472362 0.39447236180904527 0.08008793969849246 0.09882747068676721
