0 0.18467336683417088 0.355108877721943 0.19849246231155782 0.12395309882747071
0 0.2964824120603015 0.4212730318257957 0.23115577889447234 0.10552763819095475
0 0.5358040201005025 0.3592964824120603 0.14195979899497488 0.13567839195979903
1 0.4937185929648241 0.2696817420435511 0.04522613065326638 0.056951423785594674
1 0.5094221105527638 0.5083752093802345 0.02386934673366831 0.041876046901172546
1 0.35678391959799 0.7169179229480737 0.02261306532663319 0.030150753768844255
1 0.48178391959798994 0.7897822445561138 0.021356783919598003 0.03517587939698487
1 0.7430904522613065 0.8986599664991624 0.04648241206030164 0.06532663316582912
1 0.217964824120603 0.19262981574539365 0.04899497487437184 0.06030150753768844
0 0.7738693467336684 0.39195979899497485 0.08542713567839201 0.17085427135678397
0 0.9095477386934673 0.431323283082077 0.1231155778894471 0.12897822445561147
1 0.8467336683417085 0.5644891122278057 0.020100502512562884 0.03350083752093795
