1 0.12060301507537688 0.2948073701842546 0.07537688442211055 0.10720268006700172
1 0.2685301507537689 0.17839195979899497 0.05841708542713569 0.08207705192629816
1 0.2666457286432161 0.35343383584589616 0.054648241206030124 0.08710217755443886
1 0.16441582914572866 0.6465661641541038 0.1140075376884422 0.1407035175879397
1 0.157820351758794 0.8400335008375209 0.11966080402010054 0.15912897822445557
1 0.776853015075377 0.8609715242881072 0.09893216080402013 0.20100502512562812
1 0.8399811557788945 0.6021775544388609 0.11212311557788951 0.16582914572864327
1 0.9455087939698492 0.44053601340033505 0.1083542713567841 0.20770519262981565
1 0.9431532663316589 0.8994974874371857 0.08479899497487392 0.12060301507537653
0 0.868404522613065 0.24064767859888625 0.263190954773869 0.22668899203864354
0 0.4593278894472362 0.388609715242881 0.10270100502512562 0.27135678391959794
1 0.6414782667193965 0.33758100956193116 0.01671010488105381 0.037456466979753494
1 0.6966942654567916 0.2626680756024242 0.021795788975287424 0.03229005774116676
1 0.6429313193177488 0.5571534022018654 0.016710104881053737 0.040039671599046756
1 0.5001689015296151 0.7182807903302876 0.031240630864578945 0.044560279682810205
1 0.5310462692446059 0.6892197383632375 0.00799178929093884 0.02260304041881682
1 0.5548400055426282 0.6914800424051191 0.01198768393640826 0.04778928545692679
1 0.48527511239650195 0.9851465734390632 0.037779367557165176 0.029706853121873423
1 0.2453842575467794 0.5844269568711834 0.01707336803064198 0.03551906351528345
1 0.3530917813996588 0.48206747383168475 0.02688147306952139 0.03487326236046016
1 0.10879731330164384 0.12205641826161044 0.014167262833936932 0.023248841573640072
1 0.6576244815131911 0.5056392159827365 0.01344073653476073 0.035519063515283375
1 0.5916922198629461 0.9870839769035333 0.01671010488105388 0.025832046192933264
0 0.14712157558319117 0.4814216726768615 0.04213852535222268 0.1743663118023008
