1 0.2360238693467337 0.7152428810720269 0.12342964824120607 0.21105527638190963
1 0.9423680904522612 0.5396426534732579 0.11526381909547738 0.22389727261797276
1 0.6223304020100503 0.09715242881072025 0.0744346733668342 0.10050251256281408
0 0.5125628140703518 0.22780569514237833 0.08856783919597987 0.31155778894472336
0 0.26334798994974873 0.3668341708542714 0.14415829145728648 0.1809045226130653
0 0.39290201005025127 0.32663316582914576 0.0810301507537688 0.16080402010050254
1 0.271356783919598 0.08877721943048575 0.04899497487437184 0.04690117252931322
1 0.3646356783919598 0.08207705192629816 0.054648241206030124 0.056951423785594646
1 0.5766331658291457 0.6566164154103853 0.06030150753768836 0.0971524288107203
1 0.7368090452261308 0.806532663316583 0.064070351758794 0.1055276381909546
1 0.8498743718592965 0.7571189279731994 0.07914572864321613 0.13065326633165825
0 0.6586055276381907 0.23031825795644878 0.07537688442211073 0.2629815745393632
1 0.9186557788944725 0.11474036850921272 0.08479899497487438 0.09882747068676717
0 0.9503768844221107 0.21970965514830007 0.09924623115577873 0.14684534631981516
1 0.5761620603015076 0.2261306532663316 0.04428391959798993 0.067001675041876
1 0.7759108040201005 0.11557788944723615 0.055590452261306836 0.07035175879396986
1 0.027324120603015083 0.03796761159721132 0.054648241206030165 0.07146846189770467
1 0.46262562814070357 0.9815745393634842 0.018844221105527623 0.036850921273031786
1 0.36793341708542715 0.9865996649916248 0.01790201005025132 0.026800670016750416
1 0.18844221105527637 0.9204355108877722 0.033919597989949785 0.03517587939698501
1 0.4575581340829278 0.4435246890106994 0.021178241620987776 0.05114745146200825
0 0.117878892041347 0.4545355987004372 0.09030721898760824 0.10016375911309935
1 0.160435170015596 0.2233064952159419 0.01718234697551841 0.03125677589344946
1 0.4117769432156207 0.037650207326200474 0.011588094471861226 0.018469913027947406
1 0.8044009571042733 0.730271945874228 0.023575778408269486 0.032677538434060835
1 0.9908094423154205 0.7466107150912583 0.014385220723689968 0.04546440129956281
1 0.9704303796235264 0.9740511166608639 0.018381115369159318 0.03007280349642059
1 0.6569524446864528 0.6919113572777218 0.015583989117330645 0.026994488271615324
1 0.06992815629571433 0.8241806355993466 0.030368799305567372 0.06038240797598192
