0 0.5087939698492463 0.42378559463986604 0.10804020100502512 0.1407035175879397
0 0.6601758793969849 0.41959798994974873 0.09673366834170842 0.13232830820770516
0 0.7864321608040201 0.41708542713567837 0.1608040201005025 0.17420435510887772
0 0.36871859296482384 0.3718592964824115 0.13442211055276343 0.1775544388609712
1 0.0935929648241206 0.2529313232830821 0.04396984924623116 0.0636515912897822
1 0.09170854271356785 0.507537688442211 0.04271356783919598 0.050251256281407065
0 0.06909547738693467 0.35957565179821627 0.13819095477386933 0.17867114196470632
1 0.40766331658291455 0.9547738693467338 0.03391959798994975 0.07705192629815755
1 0.10113065326633165 0.8283082077051926 0.028894472361809045 0.038525963149078704
0 0.9195979899497487 0.4279731993299832 0.1608040201005025 0.1926298157453936
