1 0.15954773869346733 0.19932998324958123 0.06281407035175877 0.07370184254606364
1 0.09861809045226132 0.2730318257956449 0.026381909547738704 0.030150753768844255
1 0.435929648241206 0.2654941373534338 0.04773869346733669 0.051926298157453914
1 0.44849246231155776 0.501675041876047 0.03266331658291456 0.041876046901172546
1 0.29522613065326636 0.721105527638191 0.027638190954773875 0.03517587939698487
1 0.4271356783919598 0.7797319932998326 0.030150753768844255 0.04522613065326638
1 0.6909547738693468 0.891959798994975 0.045226130653266236 0.06867671691792296
0 0.21859296482412063 0.40619765494137355 0.3015075376884422 0.10217755443886103
0 0.46733668341708545 0.364321608040201 0.10552763819095475 0.14237855946398667
0 0.7016331658291457 0.3869346733668342 0.08165829145728651 0.17420435510887775
0 0.832286432160804 0.42881072026800665 0.1394472361809045 0.13735343383584586
0 0.946608040201005 0.4321608040201005 0.06909547738693461 0.15075376884422112
0 0.08919597989949747 0.33417085427135673 0.16331658291457285 0.09882747068676717
