1 0.7014761306532664 0.40787269681742044 0.0876256281407035 0.12897822445561133
1 0.6746231155778895 0.5309882747068677 0.071608040201005 0.11390284757118926
1 0.5728643216080402 0.4798994974874372 0.08668341708542712 0.1390284757118927
1 0.4847675879396985 0.47403685092127307 0.07631909547738701 0.1273031825795644
1 0.3373115577889447 0.43634840871021774 0.1620603015075377 0.30318257956448913
0 0.5295226130653267 0.5745393634840871 0.2261306532663317 0.2077051926298158
0 0.7914572864321607 0.5393634840871022 0.2261306532663316 0.271356783919598
1 0.8701319095477388 0.39949748743718594 0.12154522613065324 0.2462311557788945
0 0.24356155778894475 0.5711892797319933 0.32883165829145733 0.2244556113902847
1 0.5822864321608041 0.8274706867671692 0.10929648241206025 0.17085427135678402
1 0.10105217968927532 0.12463639387512919 0.07252548781526959 0.0911135017294042
1 0.14505097563053848 0.083807230364311 0.028043188621904466 0.07306271365093776
1 0.16003957644569453 0.23938783237395597 0.014505097563053865 0.019769910752606812
1 0.38341807891672447 0.18996305549243903 0.03287822114292212 0.039539821505213554
1 0.4356364301437184 0.22477528964376833 0.025142169109293348 0.04211850551642314
1 0.4085602480260178 0.017191226741397198 0.011604078050443079 0.017191226741397198
1 0.4789099712068292 0.12377683253805982 0.013054587806748402 0.027505962786235506
1 0.49921710779510453 0.1332320072458283 0.013054587806748402 0.01203385871897801
1 0.5207330025136345 0.12119814852685025 0.01353809105885027 0.015472104067257497
1 0.5105794342194969 0.23466024502007174 0.016439110571461128 0.02750596278623547
1 0.5074366630808351 0.042548286184958053 0.013054587806748542 0.019769910752606777
1 0.6940689183921285 0.20457559822262666 0.021757646344580762 0.036101576156934136
1 0.8307738617643712 0.21059252758211564 0.05802039025221546 0.07048402963972851
1 0.722227381667518 0.024927278775025936 0.03529573740343125 0.04985455755005187
1 0.6569544426337753 0.024497498106491003 0.0062855422773233725 0.012893420056047893
1 0.9869454121932507 0.5029866402227348 0.02610917561349651 0.08566961763325094
1 0.9514079231637692 0.47232895471988784 0.01885662683197012 0.033522892145724514
1 0.9869454121932512 0.7176341007725509 0.007736052033628624 0.016331665404327397
1 0.7969286341172455 0.7189234427781557 0.024175162605089895 0.053292802898331215
1 0.41641157471313184 0.7528761155924153 0.008703058537832362 0.01117429738190836
1 0.22446078362871874 0.8985717622257564 0.01837312357986825 0.04469718952763273
1 0.055844625617757444 0.7326764241712734 0.01595560731935928 0.03438245348279452
1 0.35875941305953285 0.025786840112095796 0.008703058537832362 0.017191226741397198
1 0.7980221175940145 0.05114389955565666 0.010153568294137756 0.012893420056047909
1 0.804664686150874 0.42419351984397585 0.029977201630311468 0.06446710028023944
1 0.8126424898105534 0.6141565753364149 0.011120574798341422 0.02320815610088629
1 0.36794597484946684 0.6144867403241677 0.009670065042035958 0.01805078807846712
