1 0.4466080402010051 0.8944723618090452 0.10175879396984926 0.19765494137353443
1 0.4970163316582915 0.6725293132328308 0.10458542713567837 0.18257956448911217
0 0.4871231155778895 0.35845896147403683 0.11118090452261306 0.21775544388609716
1 0.5728643216080402 0.5402010050251256 0.0998743718592965 0.15577889447236182
1 0.6845163316582915 0.21608040201005024 0.0876256281407035 0.17755443886097155
0 0.12342964824120603 0.4932998324958124 0.035804020100502515 0.2093802345058627
1 0.6011306532663315 0.9221105527638184 0.05653266331658247 0.10217755443886017
1 0.05103697142973674 0.12515733124468775 0.013209569075931862 0.024017398319876086
1 0.42405718908531265 0.12889337098333514 0.016511961344914852 0.02401739831987612
1 0.649070189594652 0.08646263395155401 0.015010873949922541 0.02882087798385132
1 0.8218453487582609 0.010407539271946315 0.03572588000081566 0.02081507854389263
1 0.9016787756280072 0.2046816056816109 0.014110221512927268 0.030422037871843097
1 0.764629496465214 0.2972820192037999 0.017412613781910124 0.04269759701311315
1 0.831127668063371 0.4034922917739187 0.022516310924883952 0.04589991678909655
1 0.846438759492292 0.5574705010024578 0.01350978655493023 0.02721971809585959
1 0.8252734272229013 0.642598835047352 0.012609134117934956 0.03415807761049038
1 0.7957020055415538 0.697038271239071 0.02131544100889016 0.03415807761049038
1 0.709389480329499 0.7818997453026334 0.01200869915993806 0.026685998133195596
1 0.7883466773060916 0.950097183490924 0.018613483697904058 0.0795242744369233
1 0.7644793877257148 0.9893256007467217 0.03332414016882808 0.021348798506556646
1 0.8851668142830923 0.9941290804106968 0.007505436974961128 0.011741839178606312
1 0.7533713410027721 0.46414515748543067 0.008706306890955062 0.017079038805245333
1 0.8602487635262208 0.32724598706213676 0.05614066857271041 0.07205219495962836
0 0.8946236648715434 0.36754184424326225 0.13509786554930328 0.2540507022280229
1 0.9812364075625968 0.2394623552245559 0.037527184874806496 0.08610681792847127
1 0.19571737376314857 0.7683655362038613 0.022216093445885435 0.018146478730572967
1 0.22258683813351 0.751553357379948 0.010507611764945822 0.02081507854389258
1 0.24150053931041243 0.745949297771977 0.01591152638691792 0.025618558207867893
1 0.053889037480222016 0.574892049738192 0.024918050756871438 0.03255691772249865
1 0.3081732421919103 0.43825973929623097 0.014110221512927186 0.035759237498482394
1 0.35470695143667036 0.37207846392590554 0.021915875966886916 0.029354597946515282
1 0.009907176806948899 0.016812178823913282 0.006604784537965932 0.01761275876790915
1 0.764804027748555 0.07018417509030464 0.009306741848951958 0.020815078543892637
1 0.7982782766568824 0.10087307294347969 0.009606959327950335 0.016011598879917415
1 0.9935453242015333 0.06520278741478806 0.012909351596933476 0.031133661774088182
0 0.6419906562943467 0.35793488491531184 0.14020156269227685 0.17932990745507496
0 0.20540201005025088 0.4958123953098827 0.07726130653266311 0.21440536013400313
