1 0.853643216080402 0.457286432160804 0.06658291457286424 0.10050251256281406
0 0.049623115577889454 0.38135119618682567 0.09924623115577891 0.17867114196470613
0 0.1922110552763819 0.35845896147403683 0.08793969849246232 0.22110552763819097
0 0.3668341708542714 0.4673366834170855 0.15577889447236182 0.07705192629815748
0 0.548874708122668 0.500494262665959 0.15201005025125633 0.06532663316582915
0 0.6469849246231155 0.42211055276381904 0.08793969849246239 0.2110552763819095
1 0.949748743718593 0.364321608040201 0.020100502512562884 0.028475711892797337
1 0.9258793969849246 0.3551088777219431 0.012562814070351749 0.016750418760468976
1 0.760678391959799 0.7755443886097153 0.03391959798994975 0.056951423785594674
1 0.7562814070351759 0.5946398659966499 0.03517587939698501 0.04355108877721932
1 0.946608040201005 0.8115577889447236 0.043969849246231124 0.05862646566164159
1 0.2619346733668342 0.022613065326633167 0.026381909547738686 0.04522613065326633
