1 0.584641959798995 0.2236180904522613 0.06124371859296481 0.10552763819095479
1 0.734924623115578 0.3467336683417085 0.08668341708542712 0.1675041876046901
1 0.70053391959799 0.06700167504187604 0.03674623115577873 0.05695142378559463
1 0.342964824120603 0.2864321608040201 0.04334170854271356 0.06700167504187604
1 0.41881281407035176 0.33752093802345057 0.07820351758793968 0.12897822445561144
1 0.5064384422110553 0.36180904522613067 0.06878140703517588 0.11725293132328307
1 0.46686557788944727 0.4623115577889447 0.06689698492462312 0.10385259631490783
0 0.32836055276381915 0.45979899497487436 0.055590452261306496 0.1725293132328308
1 0.2657035175879397 0.37520938023450584 0.060301507537688474 0.08375209380234509
1 0.20257537688442212 0.4212730318257957 0.06595477386934671 0.09212730318257961
1 0.6378768844221107 0.49413735343383586 0.08479899497487431 0.17420435510887772
1 0.7975816582914572 0.5276381909547738 0.07820351758793961 0.134003350083752
1 0.947393216080402 0.40201005025125625 0.07820351758793961 0.1541038525963149
1 0.4145728643216081 0.9187604690117253 0.06030150753768844 0.08207705192629816
1 0.2690012562814071 0.6758793969849246 0.08197236180904525 0.09882747068676714
1 0.28219221105527637 0.5737018425460636 0.0687814070351759 0.10552763819095475
1 0.18844221105527642 0.6072026800670016 0.04899497487437188 0.07537688442211071
1 0.26052135678391963 0.7973199329983252 0.04239949748743719 0.0636515912897822
1 0.017902010050251257 0.5622557187998913 0.035804020100502515 0.12841988568329932
1 0.6444723618090452 0.626465661641541 0.10175879396984926 0.07705192629815748
1 0.23790829145728642 0.0728643216080402 0.051821608040201035 0.07872696817420435
1 0.9568153266331659 0.5829145728643216 0.046168341708542754 0.09045226130653276
