1 0.08417085427135679 0.45561139028475717 0.032663316582914576 0.056951423785594674
0 0.08354271356783921 0.39140144744310745 0.16708542713567842 0.17532105821261254
0 0.2349246231155779 0.3592964824120603 0.092964824120603 0.23953098827470687
0 0.42650753768844224 0.4807370184254606 0.1545226130653267 0.10050251256281413
1 0.5157035175879396 0.4748743718592965 0.028894472361809136 0.041876046901172546
1 0.800251256281407 0.6046901172529313 0.027638190954773875 0.04020100502512555
1 0.9849246231155778 0.8165829145728642 0.030150753768844255 0.06532663316582912
0 0.6092964824120606 0.4246231155778897 0.13567839195979892 0.20938023450586285
0 0.7035175879396985 0.47403685092127307 0.11557788944723627 0.13400335008375208
0 0.8850502512562813 0.5100502512562813 0.2173366834170855 0.07872696817420433
1 0.8969849246231155 0.4631490787269682 0.07286432160804011 0.09212730318257961
1 0.9798994974874372 0.373534338358459 0.04020100502512562 0.04020100502512562
1 0.3071608040201005 0.03768844221105528 0.028894472361808993 0.05192629815745394
