1 0.6703831658291457 0.44891122278056955 0.07255025125628144 0.13735343383584592
1 0.5413002512562813 0.347571189279732 0.09139447236180906 0.1557788944723618
1 0.5949938836825654 0.592722393956829 0.10505654066529457 0.18041966228552433
1 0.9597989949748745 0.9380234505862647 0.0804020100502511 0.12395309882747058
1 0.8098304020100501 0.47152428810720265 0.06689698492462347 0.15577889447236168
0 0.949748743718593 0.4137353433835846 0.09045226130653276 0.20100502512562815
1 0.41739949748743727 0.37018425460636517 0.07726130653266332 0.13400335008375205
1 0.25345477386934673 0.42546063651591287 0.043341708542713527 0.09045226130653262
1 0.3495603015075377 0.6599664991624792 0.032035175879397 0.0636515912897822
1 0.9673366834170853 0.7314349482806279 0.06532663316582851 0.16862089070842512
1 0.9238379396984925 0.611390284757119 0.06124371859296488 0.08040201005025133
1 0.8983982412060301 0.6649916247906197 0.048052763819095505 0.08710217755443878
1 0.8550565326633165 0.38190954773869346 0.07443467336683461 0.14405360134003348
1 0.473461055276382 0.34422110552763824 0.05935929648241206 0.11557788944723618
1 0.14746849189104783 0.13538091058850293 0.03964726667234727 0.047275873538842286
1 0.017889620327766458 0.44396343059658266 0.020307136588275435 0.0438376281905628
1 0.1264361004246196 0.501124259511728 0.060437906512724675 0.09111350172940455
1 0.18324773254658078 0.3739091816253891 0.014505097563053865 0.03610157615693417
1 0.43104314924875126 0.1435467432906666 0.018856626831970046 0.034382453482794395
1 0.45546006347989204 0.09326240507207981 0.008703058537832362 0.026646401449165653
1 0.9298920284452393 0.025786840112095796 0.03964726667234728 0.05157368022419159
1 0.6683167690581676 0.741801433891289 0.029010195126107873 0.08251788835870656
1 0.7604241385835598 0.7202127847837605 0.019823633336173714 0.031803769471584926
1 0.790884843465973 0.765339754979928 0.023691659352988097 0.0361015761569341
1 0.8090162154197903 0.987106579943952 0.013538091058850342 0.022348594763816294
1 0.8068404507853322 0.8985717622257564 0.06333892602533538 0.10314736044838313
1 0.5626713084739252 0.9346733383826904 0.03336172439502384 0.04813543487591218
1 0.4316419271543384 0.8689168960968462 0.016922613823562856 0.03868026016814383
1 0.3095573559986349 0.7081789260647825 0.023208156100886192 0.04211850551642329
1 0.08461306911781433 0.8242197065692135 0.02224114959668262 0.03352289214572465
1 0.05632812886985926 0.8770827287990098 0.01885662683197004 0.025786840112095744
1 0.10709597034054784 0.7369742308566228 0.014021594310952085 0.030944208134514924
1 0.35948466793768546 0.3351293057764632 0.027559685369802408 0.05071411888712177
1 0.30315653906782625 0.43698732421924164 0.01353809105885027 0.03610157615693417
1 0.29034370288712863 0.4696506550278963 0.01885662683197001 0.039539821505213554
1 0.8842009711216197 0.5500196400439282 0.01885662683197012 0.05587148690954088
