1 0.3146984924623116 0.4246231155778895 0.033919597989949785 0.038525963149078774
0 0.2449748743718593 0.4095477386934674 0.10301507537688441 0.13232830820770516
0 0.10804020100502512 0.355108877721943 0.09045226130653265 0.12060301507537684
0 0.43655778894472363 0.30653266331658297 0.11934673366834168 0.28810720268006706
1 0.7292713567839197 0.4539363484087102 0.036432160804020126 0.06030150753768851
1 0.7883165829145727 0.31155778894472363 0.04899497487437188 0.08375209380234505
1 0.7770100502512562 0.373534338358459 0.03391959798994961 0.026800670016750416
1 0.8542713567839195 0.38107202680067004 0.04020100502512562 0.041876046901172546
1 0.9214824120603015 0.3165829145728643 0.028894472361808993 0.0469011725293133
1 0.967964824120603 0.3358458961474037 0.03894472361809051 0.04522613065326635
1 0.9516331658291457 0.3852596314907873 0.036432160804020126 0.04020100502512562
0 0.9051507537688442 0.39195979899497485 0.10175879396984926 0.23115577889447236
0 0.7864321608040201 0.4011725293132328 0.1256281407035175 0.21608040201005033
