1 0.2952261306532663 0.25963149078726966 0.05778894472361809 0.07035175879396988
1 0.30841708542713564 0.5100502512562813 0.026381909547738686 0.04857621440536015
1 0.14886934673366833 0.7303182579564489 0.02386934673366831 0.036850921273031786
1 0.5684673366834171 0.9254606365159128 0.051507537688442184 0.07872696817420433
1 0.6683417085427137 0.5720268006700168 0.025125628140703498 0.0318257956448911
0 0.5986180904522613 0.39865996649916247 0.11432160804020107 0.17420435510887772
0 0.7010050251256281 0.4455611390284757 0.12311557788944726 0.13735343383584586
0 0.8335427135678393 0.43299832495812396 0.09924623115577887 0.13902847571189278
0 0.9296482412060301 0.44723618090452255 0.14070351758793975 0.1608040201005025
1 0.042713567839195984 0.3726968174204355 0.030150753768844223 0.03517587939698494
0 0.31281407035175884 0.36934673366834175 0.16331658291457296 0.1390284757118928
0 0.09861809045226129 0.3844221105527638 0.19472361809045224 0.1222780569514238
1 0.2889447236180904 0.8031825795644891 0.025125628140703498 0.04522613065326638
