1 0.47581658291457285 0.8375209380234506 0.07726130653266339 0.12395309882747085
1 0.3490891959798995 0.6080402010050251 0.05747487437185925 0.11725293132328303
0 0.07113693467336683 0.3509212730318258 0.1309673366834171 0.2361809045226131
0 0.2148241206030151 0.39865996649916247 0.0678391959798995 0.17085427135678397
0 0.3782977386934674 0.3408710217755444 0.051821608040201 0.21943048576214408
0 0.5191582914572865 0.3241206030150754 0.06595477386934682 0.19262981574539367
0 0.7000628140703518 0.30318257956448913 0.1940954773869346 0.20100502512562812
1 0.8357412060301509 0.1490787269681742 0.06595477386934676 0.11725293132328306
0 0.8715452261306534 0.28559463986599665 0.09798994974874375 0.1323283082077052
1 0.577104271356784 0.10720268006700166 0.038630653266331014 0.07370184254606367
1 0.801821608040201 0.8961474036850922 0.054648241206030124 0.08710217755443878
1 0.42022613065326636 0.5 0.02261306532663319 0.028475711892797337
1 0.6826319095477388 0.05360134003350083 0.046168341708542615 0.04690117252931323
1 0.9894786432160805 0.055555551295703776 0.021042713567839114 0.06085984631000052
1 0.945037688442211 0.43048576214405365 0.02072864321608037 0.04020100502512562
1 0.8347989949748745 0.5912897822445561 0.033919597989949896 0.050251256281406996
1 0.7297424623115579 0.6398659966499162 0.0160175879396985 0.03015075376884418
1 0.6157349246231156 0.8618090452261308 0.03863065326633162 0.06867671691792296
1 0.5808731155778895 0.8107202680067002 0.01790201005025125 0.050251256281406996
1 0.3406092964824121 0.8894472361809045 0.008479899497487437 0.013400335008375208
1 0.352858040201005 0.9028475711892798 0.012248743718592935 0.020100502512562884
1 0.3175251256281407 0.9229480737018426 0.013190954773869308 0.02010050251256274
1 0.4781721105527639 0.2730318257956449 0.06501256281407031 0.08710217755443886
