0 0.6044283919597989 0.15661641541038526 0.16865577889447253 0.3132328308207705
0 0.5931218592964824 0.4422110552763819 0.09704773869346738 0.2512562814070352
1 0.4117797160448285 0.6192634804414819 0.05224001876853535 0.08988333285882043
1 0.3128140703517588 0.5569514237855946 0.07914572864321609 0.135678391959799
1 0.038630653266331666 0.678391959798995 0.047110552763819105 0.1038525963149079
0 0.5394158291457286 0.9078726968174204 0.14415829145728642 0.18425460636515908
1 0.45791457286432163 0.19179229480737017 0.08291457286432163 0.09547738693467336
1 0.4616834170854272 0.025963149078726967 0.06595477386934676 0.051926298157453935
1 0.04111304182719044 0.2151136187269665 0.019479994880713666 0.026975805776333316
1 0.004921261864601348 0.21809067744638586 0.009842523729202695 0.016647233346737806
1 0.07709976921208779 0.20290159854443723 0.020505257769172277 0.022965888701472963
1 0.10088586822432763 0.35217987510401144 0.020505257769172277 0.026975805776333316
1 0.4558798583318307 0.32769702288735997 0.025054259427093016 0.03594529227746687
1 0.17657538766757597 0.08746036604685825 0.021274143092479037 0.019855866886313765
1 0.17524575372429602 0.03451138768335488 0.01010521796892757 0.01418276206165269
1 0.1119551780241709 0.10022485190234567 0.009041510814303582 0.0208013843570906
1 0.065949843586685 0.06287691180666025 0.007445950082367663 0.01607379700320637
1 0.30475209979976214 0.25576247584513684 0.02872009317484668 0.03687518136029702
1 0.2749682994702915 0.26899972043601267 0.00957336439161562 0.017964831944760035
1 0.10637071546239517 0.46566735435759654 0.012764485855487421 0.021746901827867406
1 0.24252523125426098 0.9522513677257691 0.02765638602022271 0.03687518136029709
1 0.08429879200394817 0.8808647986821172 0.01861487520591914 0.030256559064858947
1 0.3922420132675819 0.33896801327349896 0.0196785823605436 0.03120207653563548
1 0.6414154142382429 0.7749668419551106 0.020210435937854997 0.047275873538842175
1 0.6999193077425602 0.6558316406372279 0.05531277204044557 0.10968002661011425
1 0.8768758968522775 0.9683251647289757 0.055844625617757514 0.06334967054204882
1 0.9954792445928482 0.2020255638514108 0.009041510814303565 0.027735174333636935
1 0.7471036239881553 0.2411069550480957 0.0132963394327993 0.030256559064859054
0 0.5109606356616381 0.4898933245158915 0.16647016969864845 0.05767656571738762
1 0.4622960333375922 0.06760449916054448 0.011700778700863453 0.021746901827867458
