1 0.16708542713567837 0.30067001675041877 0.08793969849246229 0.10217755443886098
1 0.062185929648241205 0.4723618090452261 0.0414572864321608 0.036850921273031786
1 0.09673366834170853 0.6867671691792294 0.032663316582914576 0.05360134003350083
1 0.34484924623115576 0.7202680067001674 0.04145728643216082 0.0636515912897822
1 0.42650753768844224 0.6876046901172529 0.028894472361809066 0.051926298157453914
1 0.7776381909547738 0.7571189279731994 0.017587939698492504 0.036850921273031786
1 0.9321608040201005 0.5762144053601339 0.03517587939698501 0.036850921273031786
1 0.4780150753768844 0.38107202680067004 0.043969849246231124 0.07202680067001672
0 0.5050251256281407 0.4011725293132329 0.11557788944723618 0.14572864321608037
0 0.6048994974874372 0.3835845896147404 0.05904522613065332 0.18760469011725298
0 0.7311557788944724 0.4455611390284757 0.10552763819095475 0.09380234505862646
1 0.31407035175879394 0.2035175879396985 0.03517587939698494 0.041876046901172505
1 0.40954773869346733 0.2512562814070352 0.030150753768844255 0.036850921273031856
1 0.37311557788944727 0.36767169179229486 0.03266331658291463 0.04187604690117247
1 0.3316582914572864 0.48324958123953093 0.04020100502512562 0.05527638190954775
1 0.7054020100502513 0.31909547738693467 0.04145728643216074 0.055276381909547784
1 0.9089195979899497 0.3701842546063652 0.03894472361809051 0.04690117252931323
0 0.17399497487437188 0.3760469011725293 0.07914572864321609 0.1993299832495813
0 0.8249798145284405 0.4854371839587337 0.16889314701517352 0.10513642800523895
1 0.07412060301507538 0.9581239530988275 0.04271356783919598 0.050251256281406996
