1 0.1460427135678392 0.5385259631490786 0.08479899497487438 0.1658291457286432
1 0.21529522613065327 0.4614740368509213 0.04993718592964825 0.06532663316582912
1 0.15546482412060303 0.12897822445561138 0.06595477386934676 0.08710217755443887
0 0.6129082914572865 0.33082077051926295 0.09893216080402006 0.23283082077051925
1 0.500785175879397 0.33165829145728637 0.07820351758793975 0.14405360134003353
1 0.5097361809045227 0.5050251256281407 0.06972361809045217 0.11557788944723618
0 0.5836997487437183 0.6750418760469011 0.14038944723618133 0.05360134003350066
0 0.5931218592964824 0.07621440536013399 0.07631909547738694 0.12227805695142377
1 0.1474560301507538 0.6633165829145728 0.04428391959798993 0.056951423785594674
1 0.4173994974874372 0.3500837520938023 0.05841708542713562 0.08040201005025124
1 0.197393216080402 0.012562814070351763 0.029208542713567844 0.025125628140703526
1 0.24167713567839197 0.9355108877721944 0.04239949748743719 0.05527638190954775
1 0.7947550251256281 0.551926298157454 0.021670854271356746 0.041876046901172546
1 0.6661336271821441 0.1941784613935775 0.018913701176902293 0.03682667742381003
1 0.34814698492462315 0.5108877721943048 0.02920854271356788 0.026800670016750416
1 0.36699120603015073 0.340033500837521 0.01790201005025132 0.03350083752093802
1 0.8800251256281407 0.11892797319932999 0.01130653266331663 0.04355108877721944
1 0.9407977386934674 0.04857621440536013 0.023555276381909494 0.03685092127303182
1 0.9813128140703518 0.8484087102177554 0.03674623115577887 0.041876046901172546
1 0.8159547738693468 0.8659966499162479 0.04899497487437188 0.07705192629815741
1 0.9822550251256281 0.788107202680067 0.019786432160803998 0.025125628140703498
1 0.009893216080402011 0.795644891122278 0.019786432160804023 0.13400335008375208
1 0.25439698492462315 0.44891122278056955 0.033919597989949715 0.07705192629815741
1 0.51303391959799 0.6834170854271356 0.10458542713567845 0.22445561139028478
1 0.6619032663316582 0.009212730318257957 0.02732412060301513 0.018425460636515914
1 0.5565584218717546 0.8564532567093331 0.04158127968075455 0.05501192557247109
