1 0.42258165829145716 0.8726968174204353 0.12908291457286436 0.23450586264656648
1 0.26334798994974873 0.8592964824120602 0.09704773869346735 0.16080402010050235
0 0.1710113065326633 0.507537688442211 0.3326005025125628 0.1072026800670016
0 0.4461369346733669 0.3752093802345057 0.08008793969849255 0.3015075376884422
1 0.5295226130653267 0.22278056951423786 0.0527638190954773 0.07705192629815745
1 0.5926507537688442 0.32830820770519265 0.05464824120603019 0.0904522613065327
0 0.7575376884422111 0.38609715242881065 0.11306532663316574 0.26633165829145716
1 0.8625942211055277 0.9530988274706869 0.055590452261306635 0.09380234505862646
1 0.10694095477386935 0.042713567839195984 0.03486180904522614 0.05527638190954774
1 0.3787688442211056 0.24120603015075376 0.02449748743718594 0.0536013400335008
1 0.036275125628140704 0.43802345058626463 0.05370603015075377 0.06867671691792296
1 0.7419912060301508 0.9664991624790619 0.03863065326633162 0.0636515912897822
1 0.7603643216080403 0.6139028475711893 0.0376884422110555 0.07872696817420419
0 0.8668341708542714 0.5083752093802346 0.175251256281407 0.06197654941373536
1 0.7311557788944724 0.20268006700167504 0.02638190954773876 0.03350083752093802
1 0.6449434673366835 0.4924623115577889 0.03297738693467338 0.056951423785594674
1 0.5083228643216081 0.5276381909547738 0.021670854271356746 0.0469011725293133
1 0.49277638190954776 0.5661641541038526 0.020728643216080443 0.03015075376884418
1 0.7532977386934673 0.39195979899497485 0.03674623115577887 0.0536013400335008
1 0.9097047738693469 0.2939698492462311 0.01790201005025125 0.0284757118927973
1 0.6732097989949749 0.35427135678391963 0.012248743718593004 0.03517587939698494
