1 0.5916078926151829 0.6305286868407438 0.024961661228508732 0.03744249184276306
1 0.3408212024600092 0.5655243607248357 0.02886192079546319 0.02392159201065425
1 0.2846574646958645 0.47347823494470964 0.024181609315117817 0.03744249184276313
0 0.13644760115159385 0.46394426579186004 0.17863188816651568 0.08147209137697096
1 0.5923211096806346 0.8273945485000762 0.03218572199842193 0.04429862812686025
1 0.7952988080900368 0.8737696748203831 0.031147472901698593 0.04014563173996706
1 0.8575937538934341 0.8536968589503994 0.029070974708251925 0.047067292384788996
1 0.9422110552763817 0.5906737544471671 0.04879770754599434 0.0913659205116491
1 0.8861456040533244 0.4563935379376221 0.03426222019186838 0.04983595664271775
1 0.8010091781220148 0.4114027437462798 0.019726732837742417 0.029070974708252068
1 0.7802441961875494 0.39825158852111814 0.011420740063956174 0.01661198554757256
0 0.4583869762033306 0.43009122748729894 0.10071016238215875 0.22426180489222974
0 0.38281128219376426 0.4736438787218857 0.1744258482495117 0.03737696748203841
0 0.6104904688732922 0.5339161371596275 0.1204368952199011 0.0775225992220053
1 0.6914738984177083 0.48961750903276724 0.04983595664271775 0.0719852707061478
1 0.6852444038373686 0.5512202887716822 0.024917978321358874 0.03737696748203824
1 0.853440757506541 0.5629871118678794 0.02076498193446568 0.03045530683721644
1 0.8171020391212259 0.6744258482495121 0.03114747290169845 0.03737696748203831
