0 0.5511934673366834 0.24539363484087098 0.07349246231155775 0.17587939698492455
0 0.5182160804020102 0.5695142378559465 0.13567839195979892 0.22445561139028483
1 0.1521670854271357 0.08375209380234505 0.04616834170854274 0.07370184254606364
1 0.6675565326633168 0.4279731993299833 0.03297738693467338 0.03182579564489117
1 0.698178391959799 0.47068676716917923 0.024497487437186008 0.04020100502512555
1 0.5978329145728644 0.7252931323283082 0.03297738693467345 0.04020100502512562
1 0.2831344221105528 0.14824120603015076 0.04993718592964825 0.035175879396984924
1 0.4108040201005025 0.04941373534338358 0.02261306532663319 0.03517587939698492
1 0.3024497487437186 0.7278056951423786 0.032035175879396964 0.045226130653266236
1 0.09045226130653264 0.9229480737018426 0.0339195979899498 0.04690117252931302
1 0.37170226130653267 0.8726968174204356 0.03486180904522612 0.030150753768844255
1 0.9285489949748745 0.7252931323283082 0.04239949748743726 0.15410385259631496
1 0.9704773869346733 0.08793969849246232 0.04334170854271349 0.08877721943048578
1 0.974246231155779 0.1934673366834171 0.030150753768844255 0.051926298157453914
1 0.7160804020100503 0.1968174204355109 0.01130653266331663 0.025125628140703498
1 0.15970477386934676 0.22026800670016752 0.006595477386934672 0.021775544388609732
1 0.18043341708542712 0.24958123953098826 0.01224874371859297 0.03015075376884422
1 0.2148241206030151 0.24371859296482412 0.009422110552763811 0.018425460636515928
1 0.2138819095477387 0.2822445561139028 0.011306532663316595 0.018425460636515893
1 0.8875628140703518 0.5 0.018844221105527623 0.018425460636515966
