1 0.5345477386934673 0.6340033500837521 0.023869346733668237 0.03517587939698501
1 0.5358040201005025 0.8341708542713567 0.02135678391959793 0.04355108877721932
1 0.7336683417085428 0.8860971524288107 0.045226130653266236 0.050251256281406996
1 0.800251256281407 0.8634840871021775 0.027638190954773875 0.045226130653266236
1 0.8869346733668343 0.5946398659966499 0.04522613065326638 0.07370184254606371
1 0.8329145728643216 0.4623115577889447 0.037688442211055245 0.050251256281407065
1 0.75 0.4120603015075377 0.027638190954773732 0.030150753768844255
1 0.6438442211055276 0.49748743718592964 0.07412060301507545 0.0904522613065327
1 0.22110552763819094 0.4639865996649917 0.032663316582914596 0.04020100502512562
0 0.07412060301507538 0.4466778293526552 0.14824120603015076 0.1083193831707365
0 0.38065326633165825 0.4355108877721943 0.10301507537688444 0.2177554438860971
0 0.31278620784858896 0.5047625472173588 0.18844221105527634 0.033500837520938145
0 0.5425364149786862 0.5390709698668119 0.10708997649858037 0.10300528419432194
