1 0.07679020100502515 0.7922948073701843 0.07631909547738695 0.08710217755443878
1 0.11306532663316585 0.9279731993299833 0.0829145728643216 0.13065326633165839
1 0.1097675879396985 0.11139028475711893 0.04993718592964825 0.08542713567839195
1 0.4334170854271357 0.027638190954773868 0.0358040201005025 0.055276381909547735
1 0.4890075376884422 0.8366834170854272 0.08479899497487438 0.1457286432160805
0 0.5441268844221107 0.9463986599664992 0.2364949748743718 0.10720268006700166
1 0.8098304020100503 0.3835845896147404 0.10458542713567837 0.18760469011725298
1 0.3453203517587939 0.019262981574539362 0.06312814070351755 0.038525963149078725
1 0.35566282062345833 0.9226394796637125 0.017142388029063725 0.025005420714759623
1 0.3306085611963653 0.9355328997197606 0.023296065783086562 0.03360103408545811
1 0.03780116334614043 0.17425652560598068 0.019340130084071844 0.028131098304104506
1 0.29032172546657853 0.30397214556379587 0.025933356249096384 0.034382453482794374
1 0.29933246789211204 0.3766441495160659 0.011428258686042518 0.020316904330742104
1 0.22768607689884582 0.5368351259699944 0.023735614194088123 0.04688516384017412
1 0.15406171805607236 0.46064673472971124 0.016263291207060427 0.027349678906768204
1 0.2657070144504871 0.6681135847224821 0.0153841943850572 0.021879743125414707
1 0.25361943314794216 0.8177553993123715 0.014944645974055532 0.025786840112095744
1 0.21955443129531566 0.8533099818911701 0.018900581673070214 0.020316904330742035
1 0.24329004548940383 0.9413935451997821 0.010988710275040886 0.02656825950943201
1 0.3925167310244582 0.8902105746742588 0.011428258686042555 0.024224001317423357
1 0.4733936386487587 0.3447798353335659 0.014065549152052199 0.027349678906768274
1 0.5096563825563935 0.31078809154943954 0.009230516631034363 0.023442581920087094
1 0.5505343847795452 0.22444124814378547 0.007472322987027837 0.019535484933405945
1 0.5678965470141097 0.23655324880249715 0.012307355508045674 0.023442581920087094
0 0.5569900639936716 0.10930898368909749 0.12764390438425774 0.07934175202965628
1 0.6852559727515457 0.07814193973362363 0.05098761567618936 0.07189058455493373
1 0.6404220348293791 0.13284129754716015 0.02988929194811092 0.09064465009100338
1 0.8665970572610044 0.4872149942391434 0.025933356249096418 0.08361187551497735
0 0.5938572682344911 0.5868459673995133 0.11340349003842128 0.2062947208967664
1 0.8969258976201171 0.8401997332447396 0.021537872139080035 0.030475356496113194
