0 0.25 0.2914572864321608 0.09798994974874371 0.3785594639865997
0 0.37939698492462315 0.24958123953098832 0.06030150753768844 0.3886097152428811
1 0.592964824120603 0.4363484087102178 0.030150753768844255 0.04522613065326631
1 0.5163316582914572 0.5125628140703518 0.04773869346733662 0.04020100502512562
1 0.574748743718593 0.22445561139028478 0.038944723618090434 0.05025125628140703
1 0.6633165829145728 0.30318257956448913 0.06030150753768851 0.08040201005025133
1 0.6457286432160804 0.364321608040201 0.03015075376884418 0.015075376884422127
1 0.7324120603015076 0.37688442211055273 0.042713567839196005 0.04690117252931316
1 0.8618090452261307 0.32244556113902845 0.042713567839196005 0.03852596314907867
1 0.8071608040201005 0.2989949748743719 0.036432160804020126 0.03182579564489114
1 0.8404522613065327 0.364321608040201 0.03266331658291463 0.03182579564489117
1 0.952889447236181 0.43802345058626474 0.03140703517587937 0.025125628140703567
1 0.5113065326633166 0.958961474036851 0.03517587939698494 0.04857621440536008
0 0.7675879396984925 0.37269681742043553 0.09296482412060314 0.21608040201005024
0 0.6551507537688442 0.3819095477386935 0.09422110552763811 0.21105527638190957
0 0.8894472361809045 0.4355108877721943 0.06532663316582912 0.0904522613065327
1 0.14510050251256282 0.41038525963149075 0.04899497487437188 0.056951423785594674
