1 0.30904522613065327 0.669179229480737 0.07537688442211056 0.09547738693467338
0 0.7613065326633166 0.44053601340033505 0.1394472361809045 0.16415410385259632
0 0.5954773869346733 0.4212730318257957 0.10552763819095475 0.28308207705192634
0 0.45838567839195987 0.5217755443886097 0.12531407035175882 0.19262981574539367
1 0.823963567839196 0.6532663316582915 0.06689698492462312 0.1306532663316583
0 0.9202261306532664 0.3855388008769433 0.15954773869346725 0.2171971051137851
1 0.9332600502512562 0.8919597989949749 0.08008793969849251 0.12897822445561133
0 0.03015075376884422 0.5061418159523202 0.06030150753768844 0.24734785888262933
1 0.2576947236180904 0.21608040201005024 0.019786432160804033 0.04690117252931323
1 0.37971105527638194 0.0678391959798995 0.018844221105527623 0.03517587939698491
1 0.4075062814070352 0.18927973199329984 0.051821608040201 0.03015075376884422
1 0.564855527638191 0.0628140703517588 0.016017587939698572 0.03182579564489113
1 0.2129396984924623 0.2638190954773869 0.011306532663316559 0.028475711892797337
1 0.8875628140703518 0.5519262981574539 0.022613065326633118 0.028475711892797337
1 0.09846105527638191 0.5108877721943048 0.017902010050251268 0.05360134003350076
