0 0.9007537688442211 0.4321608040201005 0.19849246231155773 0.1306532663316583
0 0.7631909547738693 0.43802345058626463 0.10427135678391948 0.11892797319932996
0 0.64321608040201 0.43718592964824127 0.12562814070351763 0.12730318257956447
1 0.22110552763819094 0.26800670016750416 0.047738693467336724 0.067001675041876
1 0.22613065326633167 0.516750418760469 0.027638190954773875 0.05192629815745398
1 0.06972361809045226 0.747068676716918 0.03140703517587939 0.03685092127303193
1 0.5113065326633166 0.9413735343383585 0.037688442211055315 0.0636515912897822
0 0.521356783919598 0.39614740368509216 0.1381909547738693 0.16247906197654946
0 0.217964824120603 0.3785594639865997 0.1595477386934673 0.1641541038525963
0 0.059045226130653265 0.3788386333727557 0.11809045226130653 0.16359576508028423
1 0.6030150753768844 0.5762144053601339 0.025125628140703498 0.030150753768844255
1 0.22110552763819094 0.8232830820770519 0.03015075376884422 0.04522613065326652
