1 0.5414572864321607 0.407035175879397 0.057788944723618056 0.09380234505862646
1 0.7355527638190955 0.37018425460636517 0.03894472361809051 0.06030150753768836
1 0.6419597989949749 0.3257956448911223 0.042713567839196005 0.041876046901172546
1 0.795854271356784 0.4916247906197655 0.041457286432160886 0.06867671691792296
1 0.44095477386934673 0.5527638190954773 0.02261306532663319 0.036850921273031786
1 0.44597989949748745 0.7487437185929647 0.022613065326633118 0.05695142378559453
1 0.6507537688442211 0.7922948073701843 0.050251256281407065 0.08710217755443878
1 0.7223618090452262 0.7805695142378559 0.025125628140703498 0.056951423785594674
0 0.24560301507537688 0.35845896147403683 0.13693467336683424 0.23785594639866
0 0.4160607551970765 0.478725856907521 0.10353416305006462 0.0964427820192384
0 0.873773417651291 0.559094841923553 0.18437590680148502 0.04916690848039615
1 0.4059815640148082 0.987708272879901 0.05176708152503238 0.02458345424019811
