1 0.65625 0.52428810720268 0.09516331658291463 0.22110552763819094
0 0.9351444723618091 0.46984924623115576 0.12908291457286425 0.12897822445561138
1 0.8494032663316582 0.4212730318257957 0.04993718592964825 0.1792294807370184
1 0.23037060301507536 0.33668341708542715 0.08574120603015079 0.15410385259631496
1 0.3179962311557789 0.3408710217755444 0.06312814070351756 0.18927973199329987
1 0.11966080402010054 0.5778894472361809 0.09233668341708548 0.08710217755443886
1 0.4946608040201006 0.17671691792294808 0.039572864321607996 0.06532663316582914
1 0.42378117629582 0.37415162463960194 0.03042202462224509 0.044722976367744846
1 0.3448009200649916 0.23193543558156038 0.02925194675215863 0.049923322457017465
1 0.3173040901179624 0.18877256304059734 0.02691179101198596 0.038482561060617614
1 0.3740528668171503 0.10764716404794396 0.04212280332310854 0.09880657569618044
1 0.432264240853946 0.011960796005327106 0.03919760864789261 0.023921592010654212
1 0.30092299993675353 0.11804785622648925 0.015211012311122546 0.026001730446363266
1 0.8888426023417969 0.4373491061078302 0.040952725453022226 0.15289017502461597
1 0.3099465761165767 0.7711847720720033 0.015796051246165704 0.027041799664217762
1 0.31111665398666305 0.8122675061772573 0.018136206986338374 0.040562699496326786
1 0.07722513942569892 0.6760184386383137 0.014040934441036157 0.030162007317781275
1 0.8721689926930665 0.9573571620679643 0.01696612911625195 0.03120207653563597
1 0.9239449384443875 0.02808186888207233 0.018721245921381496 0.03328221497134498
1 0.9534894046640682 0.49247277465412076 0.01579605124616597 0.03640242262490888
1 0.5635609544577925 0.2184145357494515 0.02106140166155427 0.03536235340705403
1 0.46013312241145615 0.9635975773750916 0.009945661895733905 0.018721245921381354
