1 0.05040829145728638 0.5622557187998914 0.10081658291457277 0.1351200531874867
1 0.3420226130653266 0.27554438860971525 0.08479899497487445 0.1658291457286432
1 0.07773241206030153 0.04690117252931323 0.06689698492462312 0.09380234505862646
1 0.28995033317871427 0.4527241264611577 0.02197742055008163 0.03125677589344946
1 0.3459927555814224 0.430453673637075 0.03560342129113231 0.0367267116748031
1 0.32005939933232613 0.38161496130356026 0.02329606578308649 0.0437594862508292
1 0.5314070351758794 0.8877721943048575 0.03391959798994975 0.06365159128978234
1 0.5361180904522613 0.6164154103852596 0.028266331658291365 0.0904522613065327
1 0.5003140703517589 0.5971524288107202 0.039572864321608066 0.08877721943048571
0 0.4442525125628141 0.5293132328308208 0.07255025125628144 0.18760469011725292
0 0.4451947236180905 0.7889447236180905 0.09893216080402013 0.19430485762144045
1 0.7947716832140895 0.7266116252275086 0.025933356249096418 0.05391793841620014
1 0.8699344614953688 0.6324505878484921 0.02944974353710947 0.03907096986681175
1 0.5987751256281407 0.2529313232830821 0.023555276381909563 0.04690117252931323
1 0.04454088624942896 0.17131110095934216 0.02740977615349475 0.04720572559768541
1 0.9748258637335429 0.0184699130279474 0.011188505007314262 0.02131143810917007
1 0.9190831334292449 0.5780335254384324 0.009190557684579659 0.012786862865502116
1 0.7988067046006161 0.8856286154807873 0.006793020897297879 0.018469913027947486
1 0.8105945938047507 0.45584794694585734 0.008790968220032766 0.018469913027947343
