1 0.017587939698492462 0.2615857020494726 0.035175879396984924 0.10999442504678339
1 0.15389447236180906 0.17252931323283083 0.026381909547738704 0.04020100502512562
1 0.24685929648241206 0.22110552763819094 0.033919597989949715 0.04020100502512559
1 0.20037688442211057 0.3408710217755444 0.04396984924623116 0.04522613065326628
1 0.14824120603015076 0.466499162479062 0.045226130653266326 0.04857621440536008
1 0.17525125628140703 0.728643216080402 0.06155778894472363 0.06700167504187604
1 0.26005025125628145 0.693467336683417 0.027638190954773913 0.05695142378559453
1 0.3178391959798995 0.3752093802345059 0.042713567839196005 0.0636515912897822
0 0.3454773869346734 0.3852596314907873 0.08291457286432163 0.18425460636515922
0 0.439070351758794 0.3693467336683417 0.04899497487437181 0.24958123953098832
0 0.5634422110552764 0.44891122278056955 0.09924623115577887 0.11055276381909543
0 0.6532663316582915 0.5234505862646566 0.16834170854271358 0.09212730318257947
1 0.7864321608040201 0.39195979899497485 0.04020100502512548 0.056951423785594674
1 0.5697236180904522 0.32244556113902845 0.038944723618090434 0.05862646566164159
1 0.7977386934673366 0.603852596314908 0.017587939698492504 0.038525963149078704
0 0.8618090452261308 0.4958123953098827 0.1658291457286431 0.12395309882747071
1 0.6407035175879398 0.7889447236180905 0.015075376884422127 0.04020100502512562
1 0.967964824120603 0.9731993299832495 0.026381909547738617 0.05360134003350083
