1 0.04020100502512562 0.264098264863543 0.08040201005025124 0.10496929941864266
1 0.19535175879396985 0.1809045226130653 0.03140703517587937 0.03015075376884422
1 0.24685929648241206 0.35762144053601347 0.036432160804020126 0.038525963149078774
1 0.19786432160804018 0.46984924623115576 0.04145728643216082 0.041876046901172546
1 0.21670854271356782 0.7319932998324958 0.04899497487437184 0.06030150753768851
1 0.30527638190954776 0.6943048576214406 0.030150753768844255 0.041876046901172546
1 0.6048994974874372 0.3257956448911223 0.036432160804020126 0.05527638190954775
1 0.824748743718593 0.388609715242881 0.04145728643216074 0.050251256281407065
1 0.835427135678392 0.5988274706867671 0.025125628140703498 0.041876046901172546
0 0.6243718592964824 0.46063651591289784 0.1331658291457287 0.08040201005025124
0 0.6972361809045227 0.5234505862646567 0.17587939698492477 0.09882747068676721
1 0.5596733668341709 0.3844221105527638 0.023869346733668237 0.025125628140703498
0 0.4880653266331659 0.36934673366834175 0.08417085427135682 0.2529313232830821
1 0.2933417085427136 0.22948073701842545 0.046482412060301535 0.050251256281407065
1 0.6746231155778895 0.7830820770519263 0.027638190954773875 0.03852596314907885
0 0.3881909547738694 0.39447236180904527 0.08793969849246232 0.18592964824120606
0 0.9139447236180905 0.48576214405360135 0.14698492462311563 0.1038525963149079
