1 0.6793341708542714 0.6951423785594639 0.175251256281407 0.2747068676716918
1 0.5719221105527639 0.9288107202680067 0.08856783919597987 0.14237855946398653
1 0.7283291457286433 0.9154103852596315 0.05087939698492463 0.08207705192629816
1 0.8828517587939699 0.5293132328308208 0.09233668341708551 0.18760469011725292
1 0.8465766331658293 0.37185929648241206 0.0461683417085429 0.08040201005025124
1 0.6213881909547739 0.22278056951423786 0.07631909547738687 0.07370184254606361
1 0.313285175879397 0.24371859296482412 0.0744346733668342 0.08877721943048578
1 0.28125000000000006 0.821608040201005 0.06124371859296481 0.10217755443886091
1 0.45037688442211055 0.958961474036851 0.064070351758794 0.07537688442211049
1 0.05417713567839197 0.2236180904522613 0.07255025125628141 0.04857621440536015
0 0.16677135678391963 0.39363484087102174 0.1564070351758794 0.26800670016750416
0 0.34060929648241206 0.4036850921273032 0.06878140703517588 0.21440536013400333
0 0.6557788944723619 0.3626465661641541 0.128140703517588 0.21608040201005022
1 0.9499057788944725 0.0957565563208294 0.1001884422110551 0.1680625263770022
0 0.9375 0.28726968174204354 0.12248743718592962 0.24958123953098826
1 0.47298994974874375 0.25041876046901174 0.05276381909547744 0.06867671691792293
1 0.8121859296482412 0.9606365159128978 0.07349246231155775 0.07872696817420433
1 0.7784864145864794 0.3826698774899642 0.029977201630311326 0.06704578429144917
0 0.8070131064604851 0.3083178218334213 0.14891900164735306 0.19168217816657876
1 0.142391707743979 0.6047014006286464 0.018856626831970064 0.040399382842283345
1 0.3633526939544998 0.8538745726981237 0.012087581302544947 0.024067717437956163
1 0.5204912508875837 0.8916952715291976 0.020790639840377382 0.030944208134514924
1 0.4917228073875268 0.5173563092352735 0.026109175613496946 0.052433241561261355
1 0.6717012918228804 0.45460833162917375 0.03287822114292212 0.06102885493196013
1 0.8943545394157557 0.2041458175540904 0.07397599757157838 0.0919730630664744
1 0.6066701044151885 0.04426740885909779 0.03432873089922744 0.08337744969577641
