1 0.31595477386934673 0.22529313232830822 0.06155778894472366 0.08207705192629813
1 0.04271356783919598 0.3082077051926298 0.06532663316582914 0.08375209380234505
0 0.28454773869346733 0.37688442211055273 0.16959798994974873 0.12060301507537688
0 0.38630653266331655 0.45979899497487436 0.22989949748743713 0.10552763819095475
1 0.5810301507537688 0.29983249581239535 0.03391959798994982 0.0603015075376884
1 0.5942211055276382 0.5368509212730318 0.025125628140703498 0.04522613065326631
0 0.6438442211055276 0.40619765494137355 0.14949748743718594 0.12897822445561138
0 0.8951005025125628 0.42462311557788945 0.15201005025125625 0.135678391959799
0 0.9635678391959799 0.4790619765494138 0.07286432160804025 0.07705192629815748
1 0.43781407035175873 0.7386934673366834 0.026381909547738686 0.03350083752093809
1 0.02135678391959799 0.6518704591684006 0.04271356783919598 0.04634283375700114
1 0.8146984924623115 0.9254606365159129 0.036432160804020126 0.07537688442211049
