1 0.891959798994975 0.7847571189279732 0.027638190954773875 0.045226130653266236
1 0.8907035175879398 0.6021775544388609 0.027638190954773875 0.038525963149078774
1 0.4139447236180904 0.5485762144053602 0.021356783919598003 0.03517587939698487
1 0.21042713567839197 0.4530988274706867 0.03140703517587937 0.038525963149078774
0 0.06532663316582914 0.3394751492856535 0.13065326633165827 0.2266889920386437
0 0.20791457286432163 0.3710217755443886 0.12688442211055279 0.17922948073701842
1 0.41331658291457285 0.049413735343383586 0.017587939698492434 0.04857621440536013
0 0.3825376884422111 0.364321608040201 0.06155778894472363 0.21608040201005024
0 0.5464824120603015 0.47152428810720265 0.16331658291457296 0.09882747068676721
0 0.7085427135678393 0.4296482412060301 0.15075376884422112 0.16582914572864318
1 0.9729899497487438 0.46984924623115576 0.05402010050251263 0.12897822445561138
1 0.011306532663316583 0.07146844911814934 0.022613065326633167 0.04243438567348462
