1 0.903192 0.502931 0.0892153 0.0956085
1 0.919393 0.572817 0.0370078 0.0484902
0 0.59831 0.335929 0.131657 0.280439
1 0.934855 0.350639 0.059552 0.0837115
0 0.876767 0.415023 0.106379 0.167946
0 0.478932 0.341795 0.125112 0.25318
0 0.719353 0.41487 0.0853152 0.109834
1 0.899879 0.272006 0.0476016 0.0577628
1 0.804144 0.413586 0.0420064 0.0538612
1 0.330759 0.468979 0.0667442 0.0764927
1 0.499735 0.277319 0.0863108 0.119069
1 0.685049 0.340432 0.0560098 0.071663
1 0.68803 0.291716 0.108112 0.144142
1 0.454044 0.215637 0.0470301 0.0561805
1 0.410098 0.181372 0.0393755 0.0536003
1 0.421109 0.407167 0.0526924 0.0722975
1 0.651084 0.265968 0.0516457 0.0667209
1 0.57646 0.333836 0.0659205 0.084888
0 0.149062 0.217836 0.130368 0.435672
0 0.0436122 0.288099 0.0871511 0.311971
1 0.253722 0.407771 0.0362921 0.0457416
0 0.29585 0.374912 0.138874 0.195109
0 0.0543671 0.260384 0.108442 0.362824
