1 0.708834 0.716809 0.0656393 0.0891704
0 0.630065 0.536028 0.11849 0.189182
0 0.788318 0.548314 0.149305 0.251317
0 0.921467 0.510054 0.155977 0.20224
1 0.331732 0.485857 0.0564666 0.0843649
0 0.467261 0.592606 0.12554 0.262505
0 0.28536 0.606497 0.287492 0.295322
1 0.0291031 0.539405 0.0582062 0.0851795
1 0.587678 0.652134 0.0436952 0.0531799
1 0.205423 0.619013 0.0493964 0.0631867
0 0.106062 0.615556 0.204269 0.297213
1 0.353061 0.645449 0.0550357 0.0617389
1 0.638327 0.645228 0.0406842 0.0412619
