1 0.570188 0.306304 0.0637131 0.0853515
0 0.766418 0.373237 0.142158 0.213367
0 0.115875 0.254451 0.180488 0.329787
1 0.545563 0.222963 0.0487139 0.0582984
0 0.904726 0.369043 0.190548 0.293008
0 0.447372 0.371033 0.10321 0.173183
1 0.563486 0.54003 0.0387468 0.0519404
1 0.303128 0.289954 0.0621486 0.0767415
1 0.325364 0.231144 0.0653757 0.084581
1 0.792374 0.908861 0.0495024 0.0582227
0 0.295176 0.351216 0.110368 0.1398
1 0.168248 0.271902 0.0698434 0.0917593
1 0.262715 0.210338 0.0561362 0.0721771
1 0.717078 0.168361 0.0547039 0.0629534
1 0.527448 0.46119 0.0957892 0.09797
1 0.0822964 0.214897 0.108369 0.122346
1 0.505813 0.450999 0.0510011 0.0714278
