1 0.0565987 0.366413 0.113197 0.232083
1 0.312271 0.690526 0.090624 0.120074
1 0.578038 0.154822 0.0486648 0.0630255
1 0.214436 0.679361 0.0349043 0.0533384
1 0.841187 0.616387 0.0508221 0.0741872
1 0.405131 0.334902 0.0575996 0.103421
1 0.751139 0.020683 0.0596674 0.0413449
1 0.0560338 0.183914 0.0536999 0.0846662
1 0.369289 0.42611 0.10597 0.154659
1 0.0146569 0.0234302 0.0284084 0.0447828
1 0.403431 0.949573 0.0334542 0.0562064
0 0.800277 0.412703 0.131541 0.230765
1 0.681387 0.72145 0.0131589 0.0234909
0 0.959382 0.354988 0.0774032 0.24567
1 0.40007 0.0150057 0.0189605 0.0299654
1 0.376268 0.377317 0.123051 0.226268
0 0.21081 0.510369 0.16056 0.214664
1 0.258853 0.625925 0.0438222 0.0657482
1 0.183127 0.845397 0.0216507 0.0388602
