1 0.781323 0.879622 0.0726442 0.111997
1 0.0340758 0.340001 0.0681516 0.156236
1 0.4742 0.938105 0.0545093 0.0927775
1 0.41721 0.564849 0.0715176 0.110939
1 0.188352 0.400969 0.0790593 0.118098
1 0.561127 0.358457 0.109454 0.16094
1 0.30359 0.569457 0.0869329 0.132204
1 0.528563 0.0459571 0.0329142 0.0626056
1 0.0875122 0.542203 0.0494436 0.0697268
0 0.897568 0.46465 0.191657 0.182802
1 0.900278 0.397637 0.0514919 0.0975121
1 0.38848 0.367402 0.0578402 0.0978986
1 0.560789 0.388271 0.116121 0.220151
1 0.990584 0.858912 0.0188323 0.10648
1 0.974548 0.969809 0.0457543 0.0603786
1 0.97997 0.0173424 0.0400605 0.0346848
