0 0.232207 0.62612 0.270017 0.428639
1 0.11539 0.70902 0.0862778 0.0973424
1 0.688879 0.680112 0.0883396 0.0771262
1 0.45038 0.595367 0.0387269 0.0462763
0 0.579326 0.512707 0.248994 0.269633
0 0.445954 0.542459 0.1409 0.209136
0 0.117 0.538989 0.153854 0.263165
1 0.028388 0.624078 0.0537558 0.0594543
0 0.0297162 0.486427 0.0594324 0.199942
1 0.716604 0.48852 0.0543392 0.0797994
1 0.94687 0.577809 0.0493302 0.0721417
0 0.922257 0.520873 0.154013 0.322201
1 0.428735 0.523502 0.0253749 0.0389596
0 0.786034 0.528811 0.193597 0.273638
1 0.631196 0.626671 0.0245862 0.0342104
