1 0.151755 0.533759 0.106778 0.175655
1 0.15164 0.126959 0.0550372 0.0913402
1 0.499256 0.334647 0.0715844 0.13251
0 0.603105 0.070139 0.0877673 0.140278
0 0.606583 0.321946 0.0991835 0.218651
1 0.417083 0.347944 0.0563582 0.0788354
1 0.512337 0.512953 0.0693221 0.108397
1 0.665491 0.196877 0.0189398 0.0420213
1 0.824298 0.873214 0.0525012 0.0893677
1 0.196924 0.0170828 0.0343138 0.0341656
1 0.0160562 0.791023 0.0319781 0.174612
1 0.247136 0.945451 0.0215416 0.0388802
1 0.965026 0.580315 0.0248864 0.0474607
1 0.66101 0.0146475 0.0329001 0.02899
1 0.795073 0.555036 0.0222545 0.0431398
1 0.980008 0.845584 0.039984 0.0636122
