0 0.541625 0.543448 0.100208 0.176359
1 0.642124 0.724545 0.0677814 0.0871537
0 0.695218 0.560848 0.157942 0.2443
0 0.205144 0.610996 0.277563 0.306776
1 0.520242 0.657328 0.0420064 0.0516696
1 0.260333 0.493616 0.0537064 0.091068
1 0.131697 0.619358 0.0484099 0.0590903
0 0.0593745 0.597631 0.118394 0.261592
0 0.386517 0.598798 0.114074 0.26308
0 0.847995 0.52428 0.172836 0.181092
1 0.27696 0.655775 0.0642893 0.0615934
1 0.970544 0.474808 0.0325177 0.04061
0 0.820537 0.522228 0.118155 0.186403
1 0.568951 0.652427 0.0424133 0.0399311
