1 0.844682 0.789403 0.160565 0.250449
1 0.362971 0.299283 0.0848318 0.135329
1 0.699957 0.780662 0.108274 0.178573
1 0.186693 0.514541 0.067551 0.117986
1 0.964493 0.178103 0.0542421 0.0864845
1 0.0753859 0.175573 0.0545493 0.0805049
1 0.548039 0.0171662 0.0254998 0.0343323
1 0.821703 0.188943 0.0357695 0.0631531
1 0.427386 0.514682 0.0603099 0.110403
1 0.0259494 0.389016 0.0517097 0.154452
1 0.0176302 0.665931 0.0352604 0.0745326
1 0.398171 0.981457 0.0446775 0.037087
1 0.490326 0.377106 0.0492925 0.0806524
1 0.978565 0.972126 0.0428705 0.0557485
0 0.0789267 0.422859 0.10995 0.220883
1 0.0564439 0.273649 0.0408745 0.0663188
