0 0.809688 0.252006 0.104163 0.225051
1 0.757833 0.826047 0.120212 0.158613
1 0.239646 0.267372 0.0835458 0.128359
1 0.691127 0.947322 0.0599998 0.0706317
1 0.2875 0.700663 0.031151 0.0470431
1 0.461191 0.289831 0.0688236 0.110213
1 0.888403 0.0275184 0.0651536 0.0548366
1 0.881994 0.136733 0.0431964 0.0675423
1 0.159932 0.301794 0.0243824 0.0481759
1 0.0763476 0.588712 0.0639625 0.102514
1 0.698252 0.441719 0.0147626 0.0203599
1 0.396785 0.888032 0.0220605 0.0377837
0 0.0703138 0.451028 0.0819163 0.149897
