0 0.53045 0.372549 0.104682 0.164234
0 0.209152 0.253474 0.162045 0.319248
1 0.379436 0.292357 0.0566297 0.0671929
1 0.631813 0.543337 0.035976 0.0473452
0 0.843789 0.376136 0.150631 0.217003
0 0.0811932 0.265872 0.111446 0.27882
1 0.640458 0.31055 0.0635128 0.0786304
0 0.944548 0.378125 0.109153 0.274164
1 0.402744 0.23688 0.0621979 0.0879517
1 0.0699621 0.346031 0.0512691 0.0759201
1 0.2495 0.274711 0.0682083 0.0857451
1 0.615191 0.229859 0.0453095 0.0536116
1 0.598514 0.465248 0.0924567 0.0945491
0 0.378235 0.358823 0.0975031 0.119038
1 0.0799195 0.115406 0.0380329 0.0526003
1 0.851656 0.909865 0.0445767 0.0573257
1 0.340516 0.213569 0.0554582 0.0673038
1 0.784675 0.17474 0.0527734 0.0562422
1 0.577864 0.451195 0.0498938 0.0701313
1 0.172551 0.225201 0.106225 0.122117
1 0.620465 0.468389 0.0527845 0.0828025
