1 0.0390462 0.270029 0.0780924 0.113345
1 0.218136 0.722386 0.0619341 0.0743112
0 0.621153 0.455177 0.136684 0.127184
0 0.482561 0.369264 0.0658518 0.244289
1 0.60339 0.324051 0.0466172 0.0654845
1 0.822496 0.388728 0.0471742 0.0560034
0 0.908058 0.488279 0.176598 0.14656
1 0.251172 0.354917 0.0433303 0.0546215
1 0.306608 0.694331 0.0413399 0.0567642
0 0.384403 0.396049 0.120769 0.175923
1 0.29723 0.230464 0.0447711 0.0553868
1 0.358933 0.379529 0.0507185 0.0752916
1 0.198422 0.473307 0.0550055 0.0646137
1 0.198477 0.180273 0.0323488 0.0453455
1 0.83459 0.601629 0.0314791 0.0440763
0 0.702498 0.52353 0.168869 0.11932
1 0.676521 0.787735 0.0237222 0.0402161
0 0.0315135 0.344371 0.0623685 0.19137
0 0.361998 0.396754 0.0710497 0.183008
