1 0.706908 0.321333 0.118247 0.190684
1 0.141307 0.835411 0.068667 0.110793
1 0.597926 0.387177 0.101834 0.174747
1 0.506642 0.287003 0.0802119 0.128501
1 0.427476 0.277779 0.0853654 0.136652
1 0.154346 0.431065 0.094425 0.158116
1 0.895621 0.0786743 0.0694782 0.108377
1 0.875504 0.681753 0.0679348 0.113384
1 0.854586 0.166413 0.0571146 0.0843296
1 0.537073 0.521589 0.0411375 0.0788464
1 0.476032 0.438953 0.0606639 0.103314
1 0.108772 0.258051 0.0717545 0.116521
1 0.792287 0.0289397 0.0302303 0.0578794
1 0.564937 0.825985 0.0489077 0.0777823
1 0.0393914 0.295269 0.0787828 0.182099
1 0.088226 0.160665 0.063017 0.0884656
1 0.0888345 0.969314 0.0515596 0.0613729
1 0.229828 0.334149 0.0322763 0.0715745
